#time,pitch,yaw,roll,x,y,z
0,15.000003,92.999985,0.0,768.3835340322883,116.92137437206995,-27.26221995772862
100,14.990642075506514,92.9150038648084,-0.01918247804030304,768.3120351035266,116.90252162421804,-27.30415012098962
200,14.964402616477265,92.676300778975,-0.07317933907596522,768.1113780377573,116.84927456339169,-27.42291208081194
300,14.921919533526056,92.2898736196067,-0.16058207580742886,767.7854209502971,116.76285734042838,-27.615577733169527
400,14.86382773726676,91.76172026381039,-0.2799821809351364,767.3380219564671,116.64449410616558,-27.879218974036583
500,14.790762138313179,91.09783858869298,-0.42997114715952994,766.7730391715797,116.49540901144111,-28.210907699387118
600,14.703357647279102,90.30422647136113,-0.6091404671810521,766.0943307109579,116.31682620709023,-28.607715805195006
700,14.602249174778482,89.38688178892276,-0.8160816337001451,765.3057546899281,116.109969843955,-29.066715187434852
800,14.488071631425003,88.35180241848377,-1.0493861394172515,764.4111692237951,115.87606407286808,-29.5849777420802
900,14.361459927832554,87.20498623715145,-1.3076454770328134,763.4144324278774,115.6163330446695,-30.1595753651051
1000,14.22304897461487,85.95243112203184,-1.5894511392472728,762.3194024175042,115.33200091019681,-30.787579952484112
1100,14.073473682386002,84.60013495023419,-1.8933946187610724,761.129937307993,115.02429182028621,-31.466063400190826
1200,13.913368961759563,83.15409559886345,-2.2180674082746545,759.8498952146488,114.6944299257747,-32.192097604199205
1300,13.743369723349382,81.62031094502659,-2.5620610004884625,758.4831342528071,114.34363937750292,-32.96275446048409
1400,13.564110877769409,80.00477886583249,-2.923966888102936,757.0335125377776,113.97314432630509,-33.775105865018745
1500,13.376227335633526,78.31349723838522,-3.3023765638185223,755.5048881848684,113.58416892301987,-34.62622371377753
1600,13.180354007555316,76.5524639397936,-3.695881520335657,753.9011193094162,113.17793731848377,-35.513179902734485
1700,12.97712580414873,74.72767684716406,-4.103073250354787,752.2260640267257,112.75567366353604,-36.43304632786348
1800,12.767177636027506,72.84513383760435,-4.522543246576355,750.4835804521342,112.31860210901398,-37.38289488513918
1900,12.551144413805652,70.91083278821947,-4.9528830017008,748.6775267009409,111.86794680575346,-38.35979747053504
2000,12.329661048096895,68.9307715761172,-5.392684008428567,746.8117608884711,111.40493190459281,-39.36082598002534
2100,12.103362449515146,66.91094807840605,-5.840537759460097,744.8901411300428,110.93078155636944,-40.38305230958412
2200,11.872883528674059,64.85736017219104,-6.295035747495835,742.9165255409744,110.44671991192081,-41.42354835518546
2300,11.63885919618755,62.776005734579186,-6.75476946523622,740.8947722365848,109.95397112208391,-42.47938601280343
2400,11.401924362669384,60.67288264267905,-7.218330405381695,738.828739332188,109.45375933769627,-43.54763717841185
2500,11.16271393873351,58.55398877359546,-7.684310060632705,736.7222849431176,108.9473087095986,-44.62537374798559
2600,10.921862834993636,56.425322004436865,-8.151299923689688,734.5792671846734,108.43584338862274,-45.709667617497594
2700,10.680005962063792,54.29288021231008,-8.617891487253091,732.4035441721782,107.92058752560986,-46.79759068292287
2800,10.437778230557461,52.16266127432123,-9.082676244023352,730.1989740209596,107.40276527139719,-47.886214840234715
2900,10.195814551088834,50.040663067577675,-9.544245686700918,727.9694148463269,106.88360077682012,-48.972611985407916
3000,9.954749834271475,47.93288346918605,-10.001191307986227,725.7187247635969,106.36431819271874,-50.053854014415855
3100,9.715218990719293,45.84532035625389,-10.452104600579721,723.4507618881021,105.8461416699281,-51.12701282323324
3200,9.47785693104612,43.78397160588781,-10.895577057181846,721.1693843351467,105.33029535928742,-52.18916030783352
3300,9.243298565865725,41.754835095194736,-11.330200170493043,718.8784502200539,104.81800341163395,-53.23736836419131
3400,9.012178805792091,39.76390870128181,-11.754565433213752,716.5818176581391,104.31048997780357,-54.268708888280216
3500,8.785132561438846,37.81719030125538,-12.167264338044426,714.2833447647272,103.8089792086364,-55.28025377607468
3600,8.562794743419989,35.92067777222307,-12.56688837768549,711.9868896551355,103.31469525496743,-56.269074923548445
3700,8.345800262349226,34.080368991291465,-12.952029044837397,709.6963104446775,102.82886226763546,-57.23224422667587
3800,8.134784028840421,32.30226183556719,-13.32127783220059,707.415465248672,102.35270439747777,-58.16683358143072
3900,7.930380953507375,30.592354182157923,-13.673226232475503,705.148212182442,101.88744579533127,-59.06991488378735
4000,7.733225946963968,28.956643908169845,-14.006465738362593,702.8984093613034,101.43431061203417,-59.93856002971958
4100,7.543953919823996,27.40112889071053,-14.319587842562287,700.6699149005755,100.99452299842338,-60.76984091520164
4200,7.363199782701295,25.931807006886366,-14.611184037775029,698.4665869155742,100.56930710533648,-61.56082943620749
4300,7.191598446209665,24.554676133804715,-14.87984581670128,696.2922835216204,100.15988708361118,-62.308597488711264
4400,7.029784820962946,23.275734148572187,-15.12416467204146,694.1508628340325,99.76748708408462,-63.010216968686976
4500,6.878393817574963,22.10097892829592,-15.342732096496015,692.0461829681274,99.39333125759447,-63.66275977210873
4600,6.738060346659543,21.036408350082766,-15.5341395827654,689.9821020392243,99.03864375497815,-64.26329779495056
4700,6.609419318830515,20.088020291039687,-15.69697862355005,687.9624781626414,98.70464872707308,-64.80890293318652
4800,6.493105644701695,19.261812628273553,-15.8298407115504,685.9911694536976,98.3925703247167,-65.29664708279073
4900,6.389754234886916,18.563783238891357,-15.931317339466906,684.0720340277109,98.10363269874652,-65.72360213973718
5000,6.299999999999999,17.99993,-15.999999999999998,682.20893,97.83906,-66.08684
5100,6.137397951602108,17.248492749358565,-16.03957148527289,680.7277903527324,97.6314112070288,-66.34621415217262
5200,5.973165988560704,16.913814494070643,-15.95942650904152,679.2371700005614,97.41469797273828,-66.59243778804439
5300,5.808295271480797,16.979065746035413,-15.764599463707864,677.7374915713377,97.18971342571342,-66.82561218592458
5400,5.643776960967397,17.427417017152067,-15.460124741673926,676.2291776929115,96.95725069453908,-67.04583862412228
5500,5.480602217625519,18.24203881931979,-15.051036735341716,674.7126509931335,96.71810290780022,-67.25321838094672
5600,5.3197622020601685,19.406101664437774,-14.542369837113212,673.1883340998539,96.47306319408177,-67.44785273470703
5700,5.162248074876353,20.90277606440518,-13.939158439390399,671.6566496409238,96.22292468196869,-67.62984296371243
5800,5.009050996679086,22.71523253112121,-13.24643693457529,670.1180202441932,95.96848050004591,-67.79929034627209
5900,4.86116212807338,24.82664157648505,-12.469239715069868,668.5728685375129,95.71052377689836,-67.95629616069515
6000,4.71957262966424,27.22017371239587,-11.612601173276133,667.0216171487332,95.44984764111096,-68.10096168529081
6100,4.585273662056678,29.878999450752865,-10.681555701596073,665.4646887057047,95.18724522126863,-68.23338819836826
6200,4.4592563858557055,32.786289303455234,-9.681137692431683,663.902505836278,94.92350964595636,-68.35367697823666
6300,4.342511961666333,35.92521378240213,-8.616381538184969,662.3354911683036,94.65943404375906,-68.46192930320521
6400,4.236031550093568,39.27894339949278,-7.492321631257909,660.7640673296321,94.39581154326166,-68.55824645158305
6500,4.140806311742422,42.83064866662631,-6.3139923640525115,659.1886569481134,94.13343527304909,-68.64272970167936
6600,4.057827407217903,46.56350009570197,-5.086428128970752,657.6096826515989,93.8730983617063,-68.71548033180338
6700,3.9880859971250238,50.46066819861887,-3.8146633184146457,656.0275670679383,93.6155939378182,-68.77659962026418
6800,3.9325732420687918,54.5053234872763,-2.5037323247861636,654.4427328249827,93.36171512996974,-68.82618884537104
6900,3.8922803026542216,58.680636473573315,-1.1586695404873284,652.8556025505827,93.11225506674586,-68.8643492854331
7000,3.8681983394863173,62.96977766940921,0.2154906420798941,651.266598872588,92.8680068767315,-68.89118221875948
7100,3.8613185131700924,67.35591758668309,1.6137138305134862,649.67614441885,92.62976368851156,-68.90678892365943
7200,3.8726319843105554,71.8222267372942,3.030965632411479,648.0846618172188,92.39831863067104,-68.91127067844214
7300,3.9031299135127213,76.35187563314173,4.462211655371859,646.4925736955447,92.17446483179481,-68.9047287614167
7400,3.953803461381592,80.92803478612478,5.902417506992627,644.9003026816788,91.95899542046784,-68.88726445089236
7500,4.025643788522182,85.53387470814259,7.346548794871801,643.308271403471,91.75270352527504,-68.85897902517826
7600,4.119642055539505,90.15256591109438,8.7895711266074,641.7169024887722,91.55638227480138,-68.8199737625836
7700,4.236789423038561,94.76727890687928,10.226450109797412,640.1266185654329,91.37082479763174,-68.77034994141752
7800,4.37807705162437,99.36118420739649,11.65215135203983,638.5378422613035,91.19682422235113,-68.71020883998926
7900,4.544496101901935,103.91745232454518,13.06164046093268,636.9509962042345,91.0351736775444,-68.63965173660796
8000,4.737037734476276,108.41925377022459,14.44988304407398,635.3665030220764,90.88666629179657,-68.55877990958275
8100,4.956693109952391,112.84975905633391,15.811844709061715,633.7847853426798,90.75209519369254,-68.4676946372229
8200,5.2044533889352955,117.19213869477217,17.142491063493885,632.2062657938949,90.6322535118172,-68.3664971978375
8300,5.481309732030001,121.42956319743871,18.436787714968503,630.6313670035729,90.52793437475556,-68.25528886973581
8400,5.788253299841513,125.54520307623267,19.689700271083595,629.0605115995636,90.4399309110925,-68.13417093122695
8500,6.126275252974848,129.52222884305328,20.89619433943715,627.494122209718,90.36903624941299,-68.0032446606201
8600,6.4963667520350095,133.34381100979962,22.051235527627167,625.9326214618862,90.31604351830192,-67.86261133622446
8700,6.89951895762701,136.99312008837097,23.14978944325165,624.3764319839191,90.2817458463443,-67.71237223634918
8800,7.336723030355861,140.45332659066645,24.186821693908627,622.8259764036669,90.26693636212495,-67.55262863930345
8900,7.808970130826575,143.70760102858532,25.157297887196098,621.2816773489803,90.27240819422893,-67.38348182339645
9000,8.317251419644153,146.7391139140267,26.05618363071204,619.7439574477098,90.2989544712411,-67.20503306693735
9100,8.86255805741361,149.53103575888974,26.878444532054495,618.2132393277058,90.34736832174643,-67.01738364823534
9200,9.445881204739962,152.06653707507374,27.619046198821458,616.6899456168188,90.41844287432983,-66.82063484559959
9300,10.068212022228215,154.32878837447777,28.27295423861092,615.1744989428995,90.51297125757623,-66.61488793733926
9400,10.730541670483365,156.3009601690011,28.835134259020904,613.6673219337983,90.63174660007058,-66.40024420176354
9500,11.433861310110446,157.96622297054284,29.300551867649407,612.1688372173658,90.77556203039782,-66.17680491718161
9600,12.179162101714462,159.3077472910023,29.664172672094452,610.6794674214523,90.9452106771429,-65.94467136190266
9700,12.967435205900411,160.30870364227857,29.92096227995403,609.1996351739084,91.14148566889068,-65.70394481423584
9800,13.799671783273304,160.95226253627078,30.065886298826133,607.7297631025847,91.36518013422618,-65.45472655249031
9900,14.676862994438157,161.2215944848782,30.093910336308788,606.2702738353319,91.61708720173432,-65.19711785497532
10000,15.600000000000001,161.09987,30.0,604.82159,91.898,-64.93122
10100,16.269324850689976,160.82514101441714,29.869398593702236,603.8343469528841,92.11201582738256,-64.73861479607928
10200,16.993386212185648,160.44053618091385,29.69088422007994,602.852479524458,92.34779258508665,-64.53166705080636
10300,17.76958110243233,159.94933786188722,29.466253994198794,601.8757702794903,92.60443931897888,-64.31099558884208
10400,18.595306539375365,159.35482841973425,29.19730503112448,600.9040017827492,92.88106507492598,-64.07721923484732
10500,19.46795954096008,158.6602902168519,28.88583444592269,599.9369565990033,93.17677889879462,-63.83095681348289
10600,20.384937125131827,157.86900561563732,28.533639353659105,598.9744172930211,93.49068983645151,-63.57282714940966
10700,21.343636309835915,156.9842569784874,28.14251686939942,598.0161664295707,93.8219069337633,-63.30344906728843
10800,22.341454113017683,156.00932666779923,27.714264108209314,597.0619865734205,94.16953923659669,-63.023441391780054
10900,23.37578755262249,154.94749704596978,27.250678185154463,596.1116602893393,94.5326957908184,-62.73342294754539
11000,24.44403364659563,153.8020504753962,26.753556215300573,595.1649701420952,94.91048564229504,-62.43401255924526
11100,25.543589412882483,152.57626931847534,26.224695313713312,594.2216986964563,95.30201783689336,-62.12582905154049
11200,26.671851869428323,151.27343593760435,25.66589259545838,593.2816285171916,95.70640142048003,-61.80949124909194
11300,27.82621803417855,149.89683269518017,25.078945175601454,592.3445421690692,96.12274543892174,-61.48561797656047
11400,29.004084925078438,148.44974195359984,24.465650169208224,591.4102222168575,96.55015893808519,-61.15482805860687
11500,30.20284956007334,146.93544607526047,23.827804691344383,590.478451225325,96.98775096383702,-60.81774031989201
11600,31.419908957108625,145.35722742255894,23.1672058570756,589.5490117592399,97.43463056204396,-60.474973585076725
11700,32.652660134129576,143.71836835789242,22.485650781467577,588.6216863833706,97.88990677857267,-60.127146678821866
11800,33.89850010908154,142.02215124365776,21.78493657958599,587.6962576624858,98.35268865928983,-59.774878425788245
11900,35.154825899909895,140.27185844225215,21.066860366496527,586.772508161354,98.82208525006217,-59.41878765063674
12000,36.41903452455992,138.47077231607247,20.333219257264872,585.850220444743,99.29720559675636,-59.05949317802815
12100,37.68852300097696,136.62217522751584,19.585810366956718,584.9291770774215,99.77715874523903,-58.69761383262334
12200,38.96068834710634,134.72934953897928,18.82643081063775,584.009160624158,100.26105374137694,-58.33376843908313
12300,40.232927580893445,132.79557761285974,18.056877703373647,583.0899536497209,100.74799963103675,-57.968575822068395
12400,41.502637720283545,130.82414181155434,17.2789481602301,582.1713387188784,101.23710546008513,-57.60265480623994
12500,42.76721578322201,128.81832449746,16.4944392962728,581.253098396399,101.7274802743888,-57.23662421625862
12600,44.02405878765418,126.78140803297379,15.705148226567417,580.3350152470514,102.21823311981439,-56.87110287678527
12700,45.27056375152536,124.71667478049272,14.912872066179645,579.4168718356034,102.70847304222866,-56.50670961248074
12800,46.50412769278089,122.62740710241387,14.119407930175186,578.4984507268239,103.19730908749823,-56.14406324800586
12900,47.72214762936611,120.5168873611342,13.326552933619705,577.579534485481,103.68385030148983,-55.78378260802147
13000,48.92202057922638,118.3883979190507,12.53610419157889,576.6599056763432,104.16720573007012,-55.4264865171884
13100,50.101143560306966,116.24522113856048,11.749858819118442,575.739346864179,104.6464844191058,-55.07279380016752
13200,51.25691359055327,114.09063938206052,10.969613931304036,574.8176406137568,105.12079541446357,-54.72332328161965
13300,52.38672768791059,111.92793501194781,10.197166643201347,573.8945694898448,105.58924776201007,-54.37869378620561
13400,53.48798287032428,109.76039039061939,9.434314069876075,572.9699160572115,106.05095050761203,-54.039524138586266
13500,54.55807615573965,107.59128788047234,8.682853326393914,572.0434628806254,106.50501269713615,-53.706433163422474
13600,55.594404562102035,105.42390984390363,7.944581527820539,571.1149925248549,106.95054337644903,-53.38003968537504
13700,56.5943651073568,103.26153864331029,7.221295789221628,570.1842875546682,107.38665159141746,-53.0609625291048
13800,57.55535480944924,101.1074566410893,6.514793225662883,569.2511305348337,107.81244638790805,-52.74982051927262
13900,58.47477068632472,98.96494619963777,5.826870952209984,568.3153040301203,108.22703681178757,-52.44723248053934
14000,59.35000975592854,96.83728968135262,5.159326083928608,567.3765906052957,108.62953190892263,-52.153817237565775
14100,60.17846903620607,94.72776944863094,4.513955735884448,566.4347728251288,109.01904072517989,-51.870193615012795
14200,60.95754554510262,92.63966786386979,3.8925570231432074,565.4896332543875,109.39467230642612,-51.59698043754121
14300,61.68463630056353,90.57626728946609,3.296927060770539,564.5409544578408,109.75553569852798,-51.33479652981186
14400,62.35713832053414,88.54085008781689,2.7288629638321455,563.588519000257,110.10073994735215,-51.08426071648562
14500,62.972448622959774,86.53669862131929,2.1901618473937208,562.632109446404,110.4293940987653,-50.84599182222331
14600,63.52796422578576,84.56709525237021,1.6826208265209421,561.6715083610504,110.74060719863414,-50.62060867168575
14700,64.02108214695745,82.63532234336671,1.2080370162794896,560.7064983089649,111.03348829282534,-50.408730089533805
14800,64.44919940442016,80.74466225670588,0.7682075317350617,559.7368618549158,111.30714642720561,-50.210974900428305
14900,64.80971301611923,78.8983973547846,0.36492948795333824,558.7623815636714,111.56069064764158,-50.0279619290301
15000,65.10002,77.09980999999999,0.0,557.78284,111.79322999999998,-49.86030999999999
15100,65.37139641225981,74.64046417319283,-0.44896172454552236,555.9748683231081,112.16596719624852,-49.59456435583842
15200,65.50035234673392,72.07122577610241,-0.8616474913393471,554.085344934243,112.48813030336751,-49.37073375226554
15300,65.49253302049758,69.39867060719499,-1.2391792372191512,552.1191339222316,112.76149392693709,-49.187311535071466
15400,65.35358365062598,66.62937446493663,-1.5826788990226184,550.0810993759011,112.98783267253752,-49.04279105004638
15500,65.08914945419438,63.76991314779362,-1.8932684135874296,547.9761053840782,113.16892114574877,-48.93566564298041
15600,64.70487564827803,60.826862454232156,-2.172069717751269,545.8090160355906,113.30653395215117,-48.864428659663716
15700,64.2064074499521,57.806798182718396,-2.4202047483518134,543.5846954192652,113.40244569732491,-48.827573445886465
15800,63.59939007629187,54.71629613171855,-2.6387954422267472,541.3080076239294,113.45843098685,-48.82359334743879
15900,62.88946874437258,51.5619320996988,-2.8289637362137516,538.98381673841,113.47626442630676,-48.85098171011083
16000,62.08228867126938,48.35028188512531,-2.9918315671505074,536.6169868515343,113.45772062127529,-48.908231879692764
16100,61.183495074057575,45.087921286464294,-3.1285208718746973,534.2123820521296,113.40457417733577,-48.99383720197473
16200,60.198733169812364,41.78142610218198,-3.2401535872240004,531.7748664290227,113.31859970006838,-49.106291022746866
16300,59.13364817560897,38.43737213074448,-3.3278516500360995,529.3093040710412,113.20157179505324,-49.24408668779934
16400,57.993885308522636,35.062335170618056,-3.3927369971486754,526.8205590670119,113.0552650678706,-49.405717542922304
16500,56.78508978562858,31.662891020268844,-3.4359315653994114,524.3134955057619,112.88145412410051,-49.58967693390589
16600,55.51290682400202,28.24561547816304,-3.4585572916259877,521.7929774761186,112.68191356932326,-49.794458206540256
16700,54.1829816407182,24.81708434276685,-3.4617361126660833,519.263869066909,112.45841800911896,-50.01855470661557
16800,52.80095945285238,21.38387341254651,-3.446589965357385,516.7310343669603,112.21274204906774,-50.26045977992197
16900,51.372485477479714,17.95255848596812,-3.41424078653757,514.1993374650997,111.94666029474988,-50.5186667722496
17000,49.90320493167552,14.529715361497956,-3.3658105130443214,511.67364245015426,111.66194735174543,-50.79166902938861
17100,48.398763032514935,11.121919837602123,-3.3024210817153197,509.1588134109512,111.36037782563463,-51.07795989712916
17200,46.864804997073165,7.735747712746866,-3.2251944293882473,506.6597144363175,111.04372632199755,-51.376032721261396
17300,45.30697604242569,4.377774785398386,-3.1352524929007854,504.1812096150804,110.71376744641448,-51.684380847575476
17400,43.73092138564745,1.0545768540228107,-3.0337172090906153,501.72816303606714,110.37227580446596,-52.001497621861546
17500,42.142286243813786,-2.2272702829135884,-2.9217105147954188,499.30543878810477,110.02102600173089,-52.3258763899093
17600,40.54671583399991,-5.461190826944696,-2.800354346852876,496.91790096002046,109.66179264379068,-52.65601049751023
17700,38.94985537328105,-8.640608979604295,-2.670770642100669,494.57041364064145,109.29635033622563,-52.99039329045317
17800,37.35735007873246,-11.758948942426196,-2.5340813373764797,492.2678409187947,108.9264736846149,-53.32751811452869
17900,35.77484516742935,-14.809634916944157,-2.3914083695179906,490.0150468833051,108.55393729453854,-53.66587831552664
18000,34.20798585644695,-17.786091104692048,-2.2438736753628823,487.816895623007,108.18051577157848,-54.003967239238094
18100,32.66241736286049,-20.681741707203688,-2.092599191748834,485.67825122672025,107.80798372131247,-54.34027823145229
18200,31.14378490374519,-23.490010926012868,-1.9387068555135294,483.6039777832745,107.43811574932256,-54.67330463795969
18300,29.657733696176287,-26.20432296265339,-1.7833186034946498,481.59893938149673,107.07268646118824,-55.001539804550404
18400,28.209908957229004,-28.818102018659072,-1.6275563725298756,479.66800011021417,106.71347046248974,-55.32347707701463
18500,26.805955903978486,-31.32477229556369,-1.472542099456891,477.8160240582541,106.36224235880724,-55.637609801142496
18600,25.451519753500257,-33.717757994901085,-1.3193977211133752,476.04787531444356,106.02077675572082,-55.94243132272415
18700,24.152245722869228,-35.9904833182051,-1.1692451743370085,474.3684179676098,105.69084825881126,-56.23643498754976
18800,22.9137790291606,-38.13637246700951,-1.0232063959654738,472.7825161065797,105.37423147365766,-56.51811414140894
18900,21.741764889449872,-40.14884964284812,-0.8824033228364527,471.2950338201807,105.07270100584071,-56.78596213009314
19000,20.641848520812285,-42.02133904725471,-0.7479578917876276,469.91083519723975,104.78803146094056,-57.038472299391756
19100,19.61967514032263,-43.74726488176317,-0.6209920396566775,468.63478432658417,104.52199744453739,-57.27413799509467
19200,18.680889965056743,-45.320051347907246,-0.5026277032812861,467.4717452970409,104.27637356221135,-57.491452562991924
19300,17.831138212089286,-46.733122647220775,-0.3939868194991329,466.4265821974373,104.05293441954262,-57.688909348874695
19400,17.07606509849583,-47.979902981237565,-0.2961913251479004,465.50415911660036,103.8534546221114,-57.86500169853178
19500,16.421315841351507,-49.053816551491416,-0.21036315706526987,464.70934014335734,103.67970877549777,-58.01822295775453
19600,15.872535657731557,-49.948287559516146,-0.13762425208892362,464.0469893665353,103.53347148528161,-58.14706647233241
19700,15.435369764711202,-50.656740206845534,-0.0790965470565421,463.5219708749615,103.41651735704396,-58.25002558805595
19800,15.11546337936567,-51.17259869501345,-0.035901978805806346,463.13914875746195,103.33062099636426,-58.32559365071467
19900,14.918461718770189,-51.48928722555366,-0.009162484174398494,462.90338710286625,103.2775570088229,-58.372264006099414