#time,pitch,yaw,roll,x,y,z
0,21.89997,0.0,-88.95021,256.07037,120.66326999999998,565.72566
100,21.883293592338735,0.0,-88.94519073513258,256.143178399181,120.64658795549353,565.7370864323615
200,21.84588609798442,0.0,-88.93256375441919,256.34681211544626,120.59975186977373,565.7682043059862
300,21.788488813446353,0.0,-88.91271020251068,256.6770501394393,120.5238238475708,565.8187968858148
400,21.711843035233816,0.0,-88.88601122405784,257.129671461805,120.4198659936149,565.8886474367878
500,21.616690059856094,0.0,-88.85284796371127,257.70045507318497,120.28894041263631,565.9775392238456
600,21.50377118382246,0.0,-88.81360156612176,258.3851799642211,120.13210920936436,566.085255511926
700,21.373827703642245,0.0,-88.76865317594007,259.1796251255615,119.95043448853082,566.2115795659755
800,21.22760091582471,0.0,-88.71838393781702,260.0795695478487,119.74497835486571,566.356294650934
900,21.06583211687913,0.0,-88.66317499640323,261.08079222172466,119.5168029130979,566.519184031737
1000,20.88926260331484,0.0,-88.6034074963496,262.1790721378319,119.2669702679583,566.7000309733276
1100,20.69863367164106,0.0,-88.53946258230664,263.3701882868128,118.99654252417645,566.8986187406438
1200,20.49468661836713,0.0,-88.4717213989253,264.6499196593154,118.70658178648326,567.114730598631
1300,20.278162740002315,0.0,-88.40056509085622,266.0140452459829,118.39815015961078,567.3481498122275
1400,20.04980333305592,0.0,-88.32637480275022,267.45834403745476,118.07230974828568,567.5986596463736
1500,19.810349694037207,0.0,-88.24953167925794,268.9785950243765,117.7301226572396,567.8660433660133
1600,19.560543119455502,0.0,-88.17041686503028,270.57057719739163,117.3726509912029,568.1500842360803
1700,19.301124905820092,0.0,-88.08941150471786,272.2300695471421,117.00095685490483,568.450565521512
1800,19.03283634964019,0.0,-88.00689674297146,273.95285106427605,116.61610235307802,568.767270487268
1900,18.75641874742516,0.0,-87.9232537244418,275.7347007394309,116.21914959044953,569.0999823982675
2000,18.47261339568429,0.0,-87.83886359377976,277.5713975632559,115.81116067175248,569.4484845194627
2100,18.182161590926803,0.0,-87.7541074956358,279.45872052638913,115.39319770171495,569.8125601157911
2200,17.885804629662054,0.0,-87.6693665746609,281.392448619478,114.96632278506779,570.1919924521935
2300,17.584283808399306,0.0,-87.58502197550578,283.3683608331646,114.53159802654122,570.5865647936105
2400,17.278340423647848,0.0,-87.50145484282112,285.3822361580917,114.09008553086443,570.9960604049782
2500,16.968715771916965,0.0,-87.41904632125767,287.4298535849065,113.64284740277012,571.4202625512495
2600,16.656151149715946,0.0,-87.33817755546622,289.5069921042475,113.19094574698684,571.8589544973527
2700,16.341387853554085,0.0,-87.25922969009747,291.60943070676024,112.73544266824368,572.3119195082355
2800,16.025167179940667,0.0,-87.18258386980222,293.73294838308834,112.27740027127356,572.7789408488293
2900,15.708230425384986,0.0,-87.10862123923116,295.8733241238741,111.81788066080372,573.2598017840837
3000,15.391318886396302,0.0,-87.03772294303502,298.02633691976445,111.35794594156702,573.7542855789384
3100,15.075173859483932,0.0,-86.97027012586463,300.1877657613974,110.89865821829073,574.2621754983252
3200,14.760536641157152,0.0,-86.90664393237067,302.35338963942365,110.44107959570877,574.7832548071976
3300,14.448148527925262,0.0,-86.84722550720389,304.51898754448047,109.98627217854775,575.3173067704892
3400,14.138750816297538,0.0,-86.792395995015,306.6803384672137,109.53529807154021,575.8641146531378
3500,13.833084802783276,0.0,-86.74253654045486,308.83322139826646,109.0892193794147,576.4234617200887
3600,13.531891783891748,0.0,-86.69802828817413,310.9734153282826,108.64909820690289,576.9951312362821
3700,13.235913056132269,0.0,-86.65925238282357,313.09669924790535,108.21599665873387,577.5789064666548
3800,12.945889916014103,0.0,-86.62658996905387,315.1988521477783,107.79097683963825,578.1745706761512
3900,12.662563660046544,0.0,-86.60042219151586,317.275653018545,107.37510085434597,578.7819071297104
4000,12.386675584738889,0.0,-86.58113019486026,319.3228808508489,106.9694308075878,579.4006990922729
4100,12.118966986600416,0.0,-86.56909512373781,321.33631463533334,106.57502880409322,580.0307298287794
4200,11.860179162140415,0.0,-86.56469812279924,323.31173336264186,106.19295694859298,580.6717826041702
4300,11.611053407868173,0.0,-86.56832033669528,325.24491602341834,105.82427734581692,581.323640683386
4400,11.372331020292982,0.0,-86.58034291007672,327.1316416083057,105.47005210049531,581.9860873313673
4500,11.14475329592413,0.0,-86.60114698759428,328.9676891079478,105.1313433173584,582.6589058130547
4600,10.929061531270904,0.0,-86.63111371389873,330.7488375129881,104.80921310113628,583.3418793933886
4700,10.72599702284259,0.0,-86.67062423364077,332.47086581406984,104.50472355655918,584.0347913373095
4800,10.536301067148473,0.0,-86.72005969147116,334.1295530018369,104.21893678835735,584.737424909758
4900,10.360714960697846,0.0,-86.77980123204065,335.72067806693235,103.9529149012609,585.4495633756746
5000,10.19998,0.0,-86.85023,337.24002,103.70772,586.17099
5100,10.000833172357742,0.0,-86.95996728274329,338.79874894724594,103.46101419602005,586.9597406592785
5200,9.812296412583914,0.0,-87.08597890152745,340.3391835326009,103.217067916785,587.7885531923281
5300,9.634061557833785,0.0,-87.22776368922042,341.8620874446339,102.97600425221258,588.6557768400503
5400,9.465820445262622,0.0,-87.38482047869026,343.3682243719141,102.73794629222041,589.559760843346
5500,9.307264912025698,0.0,-87.55664810280493,344.8583580030106,102.50301712672618,590.4988544431167
5600,9.158086795278281,0.0,-87.74274539443243,346.3332520264924,102.2713398456476,591.4714068802638
5700,9.017977932175643,0.0,-87.9426111864408,347.79367013092855,102.04303753890231,592.4757673956888
5800,8.88663015987305,0.0,-88.15574431169797,349.24037600488833,101.81823329640801,593.510285230293
5900,8.763735315525775,0.0,-88.38164360307198,350.67413333694077,101.5970502080824,594.5733096249777
6000,8.64898523628909,0.0,-88.61980789343087,352.0957058156549,101.37961136384307,595.6631898206441
6100,8.542071759318256,0.0,-88.86973601564259,353.5058571295998,101.16603985360778,596.7782750581939
6200,8.44268672176855,0.0,-89.13092680257515,354.9053509673447,100.95645876729418,597.9169145785283
6300,8.350521960795241,0.0,-89.40287908709655,356.29495101745846,100.75099119481996,599.0774576225485
6400,8.265269313553599,0.0,-89.68509170207479,357.6754209685105,100.54976022610279,600.2582534311562
6500,8.186620617198892,0.0,-89.97706348037786,359.04752450906955,100.35288895106032,601.4576512452524
6600,8.114267708886393,0.0,-90.27829325487383,360.4120253277048,100.16050045961023,602.6740003057384
6700,8.047902425771365,0.0,-90.58827985843061,361.76968711298554,99.97271784167027,603.905649853516
6800,7.987216605009083,0.0,-90.90652212391623,363.12127355348076,99.78966418715801,605.1509491294862
6900,7.931902083754819,0.0,-91.23251888419868,364.46754833775935,99.61146258599122,606.4082473745506
7000,7.881650699163837,0.0,-91.565768972146,365.8092751543908,99.43823612808754,607.6758938296105
7100,7.836154288391409,0.0,-91.90577122062615,367.14721769194387,99.27010790336462,608.9522377355669
7200,7.795104688592808,0.0,-92.25202446250717,368.48213963898763,99.10720100174018,610.2356283333215
7300,7.758193736923301,0.0,-92.60402753065702,369.81480468409154,98.94963851313187,611.5244148637756
7400,7.725113270538156,0.0,-92.96127925794373,371.1459765158244,98.79754352745738,612.8169465678307
7500,7.6955551265926445,0.0,-93.32327847723526,372.47641882275525,98.65103913463439,614.111572686388
7600,7.669211142242039,0.0,-93.68952402139965,373.80689529345335,98.51024842458054,615.4066424603486
7700,7.6457731546416055,0.0,-94.05951472330489,375.13816961648763,98.37529448721355,616.7005051306143
7800,7.624933000946614,0.0,-94.43274941581896,376.4710054804274,98.24630041245109,617.9915099380861
7900,7.6063825183123335,0.0,-94.8087269318099,377.80616657384155,98.12338929021085,619.2780061236658
8000,7.589813543894042,0.0,-95.18694610414569,379.14441658529927,98.00668421041047,620.5583429282544
8100,7.574917914846999,0.0,-95.5669057656943,380.48651920336965,97.89630826296764,621.8308695927533
8200,7.56138746832648,0.0,-95.94810474932379,381.8332381166217,97.79238453780005,623.0939353580638
8300,7.548914041487752,0.0,-96.33004188790214,383.1853370136247,97.69503612482538,624.3458894650875
8400,7.537189471486087,0.0,-96.71221601429733,384.5435795829474,97.60438611396125,625.5850811547255
8500,7.52590559547675,0.0,-97.09412596137733,385.9087295131593,97.52055759512542,626.8098596678792
8600,7.514754250615018,0.0,-97.47527056201022,387.28155049282924,97.44367365823554,628.0185742454502
8700,7.503427274056156,0.0,-97.85514864906398,388.66280621052636,97.37385739320928,629.2095741283397
8800,7.491616502955436,0.0,-98.23325905540653,390.05326035481977,97.31123188996429,630.3812085574489
8900,7.479013774468127,0.0,-98.60910061390598,391.45367661427855,97.25592023841828,631.5318267736793
9000,7.465310925749497,0.0,-98.98217215743028,392.8648186774718,97.20804552848892,632.6597780179322
9100,7.450199793954818,0.0,-99.35197251884736,394.28745023296864,97.16773085009389,633.763411531109
9200,7.43337221623936,0.0,-99.71800053102537,395.722334969338,97.13509929315086,634.841076554111
9300,7.414520029758393,0.0,-100.07975502683223,397.1702365751493,97.1102739475775,635.8911223278399
9400,7.393335071667183,0.0,-100.43673483913588,398.63191873897136,97.09337790329154,636.9118980931967
9500,7.369509179121005,0.0,-100.78843880080446,400.10814514937323,97.08453425021054,637.9017530910826
9600,7.342734189275127,0.0,-101.13436574470586,401.59967949492415,97.08386607825231,638.8590365623991
9700,7.312701939284816,0.0,-101.47401450370809,403.10728546419324,97.09149647733446,639.7820977480482
9800,7.279104266305344,0.0,-101.80688391067922,404.6317267457495,97.10754853737467,640.6692858889303
9900,7.241633007491982,0.0,-102.13247279848717,406.17376702816205,97.13214534829063,641.5189502259469
10000,7.19998,0.0,-102.45028000000002,407.73417,97.16541,642.32944
10100,7.106248526372685,0.0,-103.14407642587348,409.42074053476694,97.21908980717319,643.1737709963913
10200,7.018745067100159,0.0,-103.83853912762203,411.1269565365266,97.29894902627524,644.0180320626671
10300,6.937273563820021,0.0,-104.53364738283554,412.85202981069745,97.4038072404709,644.8612585419173
10400,6.861637958169849,0.0,-105.22938046910356,414.5951721626972,97.53248403292484,645.7024857772324
10500,6.791642191787241,0.0,-105.92571766401608,416.35559539794446,97.68379898680185,646.5407491117033
10600,6.72709020630978,0.0,-106.62263824516269,418.132511321857,97.85657168526659,647.3750838884199
10700,6.66778594337506,0.0,-107.32012149013325,419.9251317398531,98.04962171148378,648.2045254504728
10800,6.613533344620666,0.0,-108.01814667651746,421.7326684573509,98.26176864861817,649.0281091409524
10900,6.564136351684187,0.0,-108.71669308190509,423.55433327976834,98.49183207983444,649.8448703029492
11000,6.519398906203215,0.0,-109.41573998388596,425.3893380125238,98.73863158829734,650.6538442795535
11100,6.479124949815336,0.0,-110.11526666004977,427.2368944610354,99.00098675717159,651.454066413856
11200,6.443118424158142,0.0,-110.81525238798632,429.09621443072103,99.27771716962187,652.2445720489467
11300,6.411183270869219,0.0,-111.51567644528535,430.96650972699916,99.56764240881293,653.0243965279161
11400,6.3831234315861565,0.0,-112.2165181095366,432.8469921552876,99.8695820579095,653.7925751938551
11500,6.358742847946543,0.0,-112.91775665832985,434.7368735210047,100.18235570007623,654.5481433898536
11600,6.337845461587969,0.0,-113.61937136925488,436.6353656295685,100.50478291847791,655.2901364590023
11700,6.320235214148025,0.0,-114.32134151990144,438.5416802863972,100.83568329627923,656.0175897443914
11800,6.305716047264298,0.0,-115.0236463878593,440.4550292969087,101.1738764166449,656.7295385891115
11900,6.294091902574376,0.0,-115.72626525071817,442.3746244665216,101.51818186273965,657.4250183362532
12000,6.285166721715847,0.0,-116.42917738606786,444.2996776006536,101.86741921772823,658.1030643289065
12100,6.278744446326305,0.0,-117.13236207149815,446.2294005047229,102.22040806477528,658.762711910162
12200,6.274629018043333,0.0,-117.83579858459873,448.16300498414785,102.57596798704557,659.4029964231103
12300,6.272624378504527,0.0,-118.53946620295946,450.09970284434644,102.93291856770381,660.0229532108415
12400,6.272534469347469,0.0,-119.24334420417001,452.03870589073665,103.29007938991472,660.6216176164464
12500,6.274163232209752,0.0,-119.94741186582016,453.97922592873687,103.64627003684302,661.1980249830151
12600,6.277314608728962,0.0,-120.6516484654997,455.9204747637651,104.0003100916534,661.7512106536383
12700,6.28179254054269,0.0,-121.35603328079837,457.8616642012396,104.35101913751063,662.2802099714063
12800,6.287400969288526,0.0,-122.06054558930595,459.8020060465783,104.69721675757938,662.7840582794091
12900,6.293943836604058,0.0,-122.76516466861219,461.7407121051996,105.0377225350244,663.2617909207378
13000,6.301225084126871,0.0,-123.4698697963068,463.67699418252124,105.37135605301039,663.7124432384826
13100,6.309048653494562,0.0,-124.17464024997963,465.6100640839617,105.69693689470205,664.1350505757338
13200,6.317218486344715,0.0,-124.87945530722044,467.53913361493903,106.01328464326414,664.528648275582
13300,6.325538524314918,0.0,-125.58429424561885,469.46341458087136,106.31921888186136,664.8922716811172
13400,6.333812709042762,0.0,-126.2891363427648,471.38211878717664,106.6135591936584,665.2249561354306
13500,6.341844982165837,0.0,-126.99396087624797,473.2944580392734,106.89512516182005,665.5257369816119
13600,6.349439285321729,0.0,-127.69874712365814,475.19964414257925,107.16273636951095,665.7936495627519
13700,6.35639956014803,0.0,-128.40347436258506,477.09688890251266,107.41521239989584,666.0277292219407
13800,6.362529748282327,0.0,-129.10812187061848,478.98540412449177,107.65137283613944,666.227011302269
13900,6.367633791362208,0.0,-129.81266892534813,480.86440161393466,107.87003726140651,666.3905311468272
14000,6.371515631025266,0.0,-130.51709480436384,482.73309317625933,108.0700252588617,666.5173240987058
14100,6.373979208909086,0.0,-131.22137878525533,484.5906906168841,108.25015641166978,666.6064255009951
14200,6.374828466651258,0.0,-131.92550014561238,486.43640574122696,108.40925030299543,666.6568706967853
14300,6.373867345889372,0.0,-132.62943816302476,488.26945035470635,108.54612651600341,666.6676950291675
14400,6.370899788261015,0.0,-133.33317211508216,490.08903626273985,108.65960463385838,666.6379338412312
14500,6.36572973540378,0.0,-134.03668127937445,491.89437527074614,108.74850423972512,666.5666224760676
14600,6.358161128955253,0.0,-134.73994493349136,493.6846791841429,108.8116449167683,666.4527962767667
14700,6.34799791055302,0.0,-135.44294235502252,495.4591598083486,108.84784624815268,666.2954905864191
14800,6.335044021834675,0.0,-136.14565282155795,497.2170289487813,108.85592781704294,666.0937407481152
14900,6.319103404437804,0.0,-136.8480556106871,498.957498410859,108.83470920660379,665.8465821049452
15000,6.29998,0.0,-137.55013,500.67977999999994,108.78300999999999,665.55305
15100,6.204919096142297,0.0,-139.74682325112371,502.32737982919184,108.68977813081332,665.223994580088
15200,6.049838248203041,0.0,-142.023724561599,504.01226706967964,108.54002041270577,664.8406013529593
15300,5.838501613666554,0.0,-144.37571201279005,505.73172496277454,108.33665367263588,664.4045361760038
15400,5.574673350017161,0.0,-146.79766368606101,507.4830367497881,108.08259473756223,663.9174649066111
15500,5.262117614739194,0.0,-149.28445766277613,509.2634856720317,107.78076043444331,663.3810534021707
15600,4.904598565316972,0.0,-151.83097202429957,511.07035497081665,107.43406759023772,662.7969675200724
15700,4.505880359234824,0.0,-154.43208485199548,512.9009278874544,107.04543303190395,662.1668731177054
15800,4.069727153977077,0.0,-157.08267422722813,514.752487663256,106.61777358640056,661.4924360524594
15900,3.599903107028057,0.0,-159.77761823136166,516.6223175395334,106.15400608068609,660.775322181724
16000,3.1001723758720905,0.0,-162.51179494576027,518.5077007575975,105.65704734171909,660.0171973628891
16100,2.574299117993501,0.0,-165.28008245178816,520.40592055876,105.12981419645809,659.2197274533439
16200,2.0260474908766164,0.0,-168.07735883080957,522.3142601843322,104.57522347186162,658.384578310478
16300,1.4591816520057646,0.0,-170.89850216418859,524.230002875625,103.99619199488822,657.5134157916809
16400,0.877465758865267,0.0,-173.73839053328948,526.1504318739505,103.39563659249646,656.6079057543425
16500,0.284663968939455,0.0,-176.5919020194764,528.0728304206198,102.77647409164487,655.6697140558521
16600,-0.31545956028735134,0.0,-179.45391470411357,529.994481756944,102.141621319292,654.7005065535994
16700,-0.9191406713308194,0.0,-182.31930666856522,531.9126691242348,101.49399510239631,653.7019491049739
16800,-1.5226152067066283,0.0,-185.18295599419548,533.8246757638035,100.83651226791645,652.6757075673653
16900,-2.1221190089304476,0.0,-188.03974076236852,535.7277849169614,100.17208964281089,651.623447798163
17000,-2.7138879205179545,0.0,-190.88453905444862,537.6192798250199,99.5036440540382,650.5468356547567
17100,-3.2941577839848253,0.0,-193.7122289517999,539.4964437292906,98.8340923285569,649.447536994536
17200,-3.8591644418467244,0.0,-196.51768853578653,541.3565598710846,98.16635129332559,648.3272176748906
17300,-4.405143736619336,0.0,-199.29579588777273,543.1969114917134,97.50333777530274,647.1875435532096
17400,-4.928331510818328,0.0,-202.04142908912274,545.0147818324882,96.8479686014469,646.0301804868831
17500,-5.424963606959374,0.0,-204.74946622120072,546.8074541347207,96.20316059871665,644.8567943333003
17600,-5.891275867558152,0.0,-207.41478536537085,548.5722116397219,95.57183059407049,643.669050949851
17700,-6.323504135130335,0.0,-210.03226460299732,550.3063375888036,94.956895414467,642.4686161939248
17800,-6.717884252191595,0.0,-212.59678201544432,552.0071152232767,94.36127188686467,641.2571559229111
17900,-7.070652061257608,0.0,-215.10321568407608,553.671827784453,93.7878768382221,640.0363359941997
18000,-7.378043404844041,0.0,-217.5464436902567,555.2977585136437,93.23962709549778,638.8078222651798
18100,-7.636294125466575,0.0,-219.92134411535056,556.8821906521603,92.71943948565027,637.5732805932414
18200,-7.841640065640888,0.0,-222.22279504072168,558.4224074413137,92.23023083563808,636.3343768357739
18300,-7.990317067882649,0.0,-224.44567454773426,559.9156921224157,91.77491797241981,635.092776850167
18400,-8.078560974707527,0.0,-226.58486071775255,561.3593279367777,91.35641772295396,633.8501464938098
18500,-8.102607628631203,0.0,-228.63523163214074,562.7505981257112,90.97764691419911,632.6081516240926
18600,-8.058692872169347,0.0,-230.59166537226304,564.086785930527,90.64152237311373,631.3684580984043
18700,-7.943052547837633,0.0,-232.44904001948353,565.365174592537,90.35096092665643,630.132731774135
18800,-7.7519224981517345,0.0,-234.20223365516654,566.5830473530523,90.10887940178571,628.9026385086739
18900,-7.48153856562733,0.0,-235.84612436067613,567.7376874533845,89.91819462546013,627.6798441594109
19000,-7.128136592780091,0.0,-237.37559021737664,568.826378134845,89.78182342463823,626.4660145837353
19100,-6.687952422125686,0.0,-238.78550930663212,569.8464026387447,89.70268262627852,625.2628156390368
19200,-6.157221896179799,0.0,-240.0707597098069,570.7950442063956,89.68368905733958,624.071913182705
19300,-5.532180857458094,0.0,-241.22621950826505,571.6695860791087,89.72775954477993,622.8949730721296
19400,-4.809065148476251,0.0,-242.2467667833708,572.4673114981954,89.83781091555811,621.7336611646998
19500,-3.984110611749945,0.0,-243.12727961648835,573.1855037049671,90.01675999663266,620.5896433178056
19600,-3.053553089794843,0.0,-243.86263608898196,573.8214459407354,90.26752361496214,619.4645853888361
19700,-2.0136284251266243,0.0,-244.44771428221568,574.3724214468114,90.59301859750508,618.3601532351813
19800,-0.8605724602609623,0.0,-244.8773922775538,574.8357134645065,90.99616177121999,617.2780127142306
19900,0.4093789622864533,0.0,-245.14654815636052,575.2086052351324,91.47986996306547,616.2198296833737
20000,1.7999899999999998,0.0,-245.25005999999996,575.48838,92.04705999999999,615.1872699999999
20100,2.353972386843905,0.0,-245.24025869869664,575.6256392638155,92.55423993557179,614.3936961260397
20200,2.9515109943655733,0.0,-245.19786126001736,575.6848244161181,93.14216062247846,613.5702054689267
20300,3.590352992989875,0.0,-245.1242182183167,575.6690386744283,93.80707370270137,612.7186899410619
20400,4.268245553141681,0.0,-245.02068010794943,575.5813852562673,94.54523081822205,611.8410414548466
20500,4.982935845245887,0.0,-244.8885974632701,575.4249673791561,95.35288361102188,610.9391519226814
20600,5.732171039727318,0.0,-244.72932081863334,575.2028882606164,96.22628372308235,610.0149132569682
20700,6.513698307010925,0.0,-244.54420070839376,574.9182511181685,97.16168279638484,609.0702173701065
20800,7.32526481752153,0.0,-244.33458766690595,574.5741591693339,98.15533247291091,608.106956174499
20900,8.164617741684005,0.0,-244.10183222852461,574.1737156316335,99.20348439464176,607.1270215825452
21000,9.02950424992325,0.0,-243.8472849276045,573.7200237225878,100.3023902035592,606.1323055066475
21100,9.917671512664127,0.0,-243.57229629849994,573.2161866597196,101.44830154164431,605.1246998592067
21200,10.826866700331518,0.0,-243.2782168755658,572.6653076605484,102.63747005087869,604.106096552622
21300,11.754836983350293,0.0,-242.96639719315635,572.0704899425956,103.86614737324376,603.0783874992976
21400,12.699329532145326,0.0,-242.63818778562694,571.4348367233824,105.13058515072098,602.043464611631
21500,13.658091517141475,0.0,-242.29493918733124,570.7614512204298,106.42703502529142,601.0032198020256
21600,14.628870108763653,0.0,-241.93800193262462,570.053436651259,107.75174863893716,599.9595449828821
21700,15.609412477436713,0.0,-241.56872655586187,569.3138962333909,109.10097763363933,598.9143320666012
21800,16.59746579358553,0.0,-241.1884635913969,568.5459331843467,110.47097365137941,597.8694729655858
21900,17.590777227634984,0.0,-240.79856357358403,567.7526507216473,111.8579883341388,596.8268595922315
22000,18.587093950009944,0.0,-240.4003770367791,566.9371520628142,113.25827332389895,595.7883838589471
22100,19.58416313113529,0.0,-239.99525451533674,566.102540425368,114.6680802626413,594.7559376781247
22200,20.57973194143598,0.0,-239.5845465436104,565.2519190268299,116.0836607923473,593.7314129621725
22300,21.571547551336728,0.0,-239.16960365595494,564.3883910847225,117.50126655499915,592.7167016234889
22400,22.557357131262357,0.0,-238.75177638672608,563.5150598165608,118.91714919257683,591.7136955744788
22500,23.534907851638117,0.0,-238.33241527027684,562.6350284398733,120.32756034706159,590.7242867275327
22600,24.501946882888497,0.0,-237.91287084096368,561.7514001721802,121.72875166043698,589.7503669950638
22700,25.456221395438405,0.0,-237.49449363313923,560.8672782309987,123.11697477468286,588.7938282894661
22800,26.395478559712917,0.0,-237.07863418116023,559.9857658338519,124.48848133178046,587.8565625231422
22900,27.317465546136887,0.0,-236.6666430193797,559.1099661982606,125.83952297371286,586.940461608491
23000,28.219929525135072,0.0,-236.25987068215278,558.2429825417435,127.16635134245988,586.047417457918
23100,29.10061766713236,0.0,-235.85966770383342,557.3879180818293,128.46521808000278,585.1793219838248
23200,29.957277142553693,0.0,-235.46738461877834,556.5478760360311,129.7323748283244,584.338067098607
23300,30.787655121823875,0.0,-235.08437196133923,555.7259596218729,130.96407322940547,583.5255447146683
23400,31.589498775367844,0.0,-234.71198026587393,554.9252720568758,132.15656492522834,582.7436467444096
23500,32.36055527361041,0.0,-234.35156006673367,554.1489165585571,133.30610155777183,581.9942651002285
23600,33.09857178697652,0.0,-234.00446189827608,553.3999963444486,134.408934769021,581.2792916945369
23700,33.80129548589098,0.0,-233.6720362948541,552.6816146320587,135.4613162009534,580.6006184397207
23800,34.46647354077873,0.0,-233.35563379082222,551.9968746389159,136.45949749555402,579.9601372481945
23900,35.09185312206457,0.0,-233.05660492053659,551.3488795825392,137.39973029480223,579.3597400323517
24000,35.67518140017343,0.0,-232.7763002183504,550.7407326804524,138.27826624068,578.8013187045951
24100,36.2142055455302,0.0,-232.51607021861875,550.1755371501694,139.09135697516876,578.286765177326
24200,36.706672728559695,0.0,-232.27726545569618,549.6563962092207,139.83525414025,577.817971362945
24300,37.15033011968684,0.0,-232.06123646393712,549.1864130751175,140.5062093779057,577.396829173856
24400,37.54292488933648,0.0,-231.86933377769674,548.7686909653899,141.10047433011545,577.0252305224534
24500,37.88220420793352,0.0,-231.70290793132904,548.4063330975536,141.6143006388626,576.7050673211421
24600,38.165915245902795,0.0,-231.56330945918972,548.1024426891311,142.0439399461279,576.4382314823263
24700,38.39180517366921,0.0,-231.45188889563212,547.8601229576434,142.38564389389308,576.2266149184013
24800,38.55762116165764,0.0,-231.36999677501188,547.6824771206117,142.63566412413894,576.0721095417719
24900,38.66111038029294,0.0,-231.3189836316828,547.5726083955564,142.79025227884745,575.9766072648375