#time,pitch,yaw,roll,x,y,z
0,25.05,0.0,-7.650003,1590.408004728149,109.11753600616306,1399.8455559763522
100,25.081752699573773,0.0,-7.680596633169206,1590.4101449478508,109.14847418108036,1399.9703398307308
200,25.16783568290453,0.0,-7.761481002514248,1590.4150620977848,109.23749534567966,1400.3269644930663
300,25.30610393741163,0.0,-7.891133874031352,1590.423741838997,109.38200159997633,1400.9072307353274
400,25.49441245051439,0.0,-8.068033013716754,1590.4371698325474,109.57939504398507,1401.702939329469
500,25.730616209632167,0.0,-8.290656187566668,1590.4563317394636,109.82707777772268,1402.7058910474582
600,26.01257020218428,0.0,-8.557481161577362,1590.4822132208121,110.12245190120265,1403.9078866612467
700,26.338129415590075,0.0,-8.86698570174503,1590.5157999376243,110.46291951444229,1405.3007269428208
800,26.70514883726885,0.0,-9.217647574065953,1590.55807755098,110.84588271745682,1406.8762126641416
900,27.11148345464008,0.0,-9.607944544536306,1590.6100317218966,111.26874361025972,1408.6261445971413
1000,27.554988255122858,0.0,-10.036354379152312,1590.672648111432,111.72890429286954,1410.5423235138244
1100,28.033518226136724,0.0,-10.501354843910278,1590.7469123806347,112.2237668652986,1412.6165501861144
1200,28.544928355101028,0.0,-11.001423704806408,1590.8338101905535,112.7507334275625,1414.840625385995
1300,29.08707362943483,0.0,-11.535038727836856,1590.934327202252,113.30720607967972,1417.206349885453
1400,29.657809036557914,0.0,-12.100677678998002,1591.0494490767314,113.89058692166168,1419.7055244564096
1500,30.254989563889183,0.0,-12.696818324285964,1591.1801614750873,114.49827805352669,1422.3299498708452
1600,30.876470198848217,0.0,-13.321938429697024,1591.3274500583518,115.12768157528915,1425.0714269007228
1700,31.520105928854292,0.0,-13.974515761227348,1591.4923004875745,115.77619958696454,1427.9217563180057
1800,32.18375174132674,0.0,-14.653028084873261,1591.6756984238018,116.4412341885674,1430.8727388946568
1900,32.865262623684906,0.0,-15.355953166630929,1591.8786295280834,117.12018748011616,1433.9161754026397
2000,33.56249356334804,0.0,-16.081768772496577,1592.1020794614665,117.81046156162247,1437.0438666139169
2100,34.273299547735796,0.0,-16.82895266846651,1592.3470338849816,118.50945853310206,1440.2476133004327
2200,34.995535564267115,0.0,-17.59598262053689,1592.6144784597332,119.21458049457391,1443.5192162342082
2300,35.72705660036142,0.0,-18.38133639470397,1592.9053988467126,119.92322954604876,1446.8504761871395
2400,36.4657176434382,0.0,-19.183491756963985,1593.220780706988,120.63280778754645,1450.2331939312285
2500,37.2093736809167,0.0,-20.00092647331317,1593.5616097016214,121.3407173190791,1453.6591702384262
2600,37.95587970021623,0.0,-20.832118309747713,1593.9288714916304,122.04436024066325,1457.120205880712
2700,38.70309068875625,0.0,-21.675545032263948,1594.3235517380795,122.7411386523142,1460.6081016300195
2800,39.44886163395596,0.0,-22.529684406858017,1594.746636102007,123.4284546540475,1464.1146582583165
2900,40.191047523234744,0.0,-23.393014199526178,1595.1991102444827,124.10371034587843,1467.6316765375982
3000,40.92750334401194,0.0,-24.264012176264675,1595.6819598265438,124.7643078278224,1471.1509572397954
3100,41.65608408370693,0.0,-25.141156103069747,1596.196170509238,125.40764919989483,1474.6643011368815
3200,42.37464472973895,0.0,-26.02292374593758,1596.7427279536146,126.03113656211116,1478.1635090008135
3300,43.08104026952739,0.0,-26.907792870864434,1597.32261782072,126.63217201448673,1481.640381603569
3400,43.773125690491554,0.0,-27.794241243846535,1597.9368257716042,127.20815765703694,1485.0867197171094
3500,44.44875598005089,0.0,-28.680746630880144,1598.586337467315,127.75649558977726,1488.4943241133851
3600,45.10578612562459,0.0,-29.565786797961458,1599.272138568901,128.27458791272275,1491.854995564362
3700,45.742071114632076,0.0,-30.447839511086716,1599.9952147374092,128.75983672588987,1495.1605348420117
3800,46.35546593449266,0.0,-31.32538253625216,1600.7565516338896,129.2096441292927,1498.4027427182964
3900,46.94382557262572,0.0,-32.19689363945401,1601.5571349193895,129.6214122229472,1501.5734199651722
4000,47.50500501645051,0.0,-33.06085058668852,1602.3979502549573,129.99254310686877,1504.6643673546034
4100,48.036859253386424,0.0,-33.915731143951895,1603.2799833016416,130.32043888107276,1507.6673856585583
4200,48.53724327085277,0.0,-34.76001307724038,1604.2042197204873,130.60250164557442,1510.5742756489958
4300,49.004012056268905,0.0,-35.5921741525502,1605.171645172552,130.83613350038976,1513.3768380978845
4400,49.435020597054184,0.0,-36.4106921358776,1606.1832453188747,131.01873654553356,1516.0668737771803
4500,49.82812388062787,0.0,-37.214044793218804,1607.2400058205067,131.14771288102133,1518.6361834588513
4600,50.18117689440938,0.0,-38.00070989057005,1608.342912338497,131.22046460686863,1521.0765679148578
4700,50.492034625818,0.0,-38.76916519392755,1609.4929505338932,131.2343938230908,1523.3798279171647
4800,50.7585520622731,0.0,-39.51788846928756,1610.6911060677437,131.18690262970324,1525.537764237735
4900,50.978584191193995,0.0,-40.2453574826463,1611.9383646010965,131.07539312672122,1527.5421776485307
5000,51.149986000000006,0.0,-40.950050000000005,1613.235711795001,130.89726741416035,1529.3848689215167
5100,51.331948501314585,0.0,-42.01874187403786,1614.8845585599327,130.5928378233738,1531.4183775969334
5200,51.436569378705,0.0,-43.12605905066314,1616.6709827415937,130.1888204548425,1533.3246316465486
5300,51.46658819366321,0.0,-44.26969282072425,1618.589350999157,129.68921711598617,1535.1087308202195
5400,51.424744507681076,0.0,-45.44733447506959,1620.6340299917954,129.0980296142244,1536.7757748678057
5500,51.31377788225052,0.0,-46.65667530454752,1622.7993863786826,128.41925975697689,1538.3308635391645
5600,51.13642787886344,0.0,-47.89540660000647,1625.0797868189914,127.65690935166319,1539.7790965841546
5700,50.89543405901173,0.0,-49.1612196522948,1627.4695979718956,126.814980205703,1541.1255737526353
5800,50.593535984187305,0.0,-50.451805752260924,1629.963186496568,125.8974741265159,1542.3753947944633
5900,50.23347321588209,0.0,-51.76485619075323,1632.5549190521817,124.90839292152155,1543.5336594594974
6000,49.817985315587975,0.0,-53.09806225862012,1635.23916229791,123.85173839813964,1544.605467497596
6100,49.34981184479685,0.0,-54.44911524670995,1638.0102828929266,122.73151236378979,1545.5959186586188
6200,48.83169236500064,0.0,-55.815706445871164,1640.862647496404,121.55171662589156,1546.5101126924217
6300,48.26636643769125,0.0,-57.19552714695214,1643.7906227675162,120.31635299186469,1547.353149348864
6400,47.656573624360576,0.0,-58.586268640801244,1646.7885753654357,119.02942326912877,1548.130128377805
6500,47.00505348650053,0.0,-59.9856222182669,1649.8508719493357,117.6949292651034,1548.8461495291021
6600,46.314545585603014,0.0,-61.39127917019748,1652.9718791783898,116.3168727872083,1549.5063125526137
6700,45.58778948315992,0.0,-62.80093078744139,1656.1459637117719,114.89925564286307,1550.1157171981984
6800,44.82752474066319,0.0,-64.21226836084703,1659.3674922086534,113.44607963948732,1550.679463215714
6900,44.03649091960473,0.0,-65.62298318126277,1662.6308313282088,111.96134658450075,1551.2026503550187
7000,43.21742758147639,0.0,-67.03076653953704,1665.9303477296114,110.44905828532292,1551.690378365972
7100,42.37307428777013,0.0,-68.43330972651817,1669.260408072034,108.91321654937352,1552.147746998431
7200,41.50617059997782,0.0,-69.82830403305462,1672.6153790146495,107.3578231840722,1552.579856002255
7300,40.619456079591394,0.0,-71.21344074999473,1675.989627216632,105.78687999683854,1552.9918051273012
7400,39.715670288102736,0.0,-72.58641116818697,1679.3775193371544,104.20438879509226,1553.3886941234289
7500,38.79755278700377,0.0,-73.94490657847965,1682.7734220353893,102.61435138625292,1553.7756227404961
7600,37.86784313778637,0.0,-75.28661827172118,1686.1717019705106,101.02076957774018,1554.1576907283609
7700,36.92928090194249,0.0,-76.60923753875997,1689.5667258016908,99.4276451769737,1554.5399978368819
7800,35.98460564096399,0.0,-77.91045567044443,1692.9528601881043,97.83897999137311,1554.9276438159172
7900,35.03655691634281,0.0,-79.18796395762294,1696.324471788923,96.25877582835804,1555.325728415325
8000,34.087874289570834,0.0,-80.4394536911439,1699.6759272633212,94.69103449534813,1555.7393513849643
8100,33.14129732213998,0.0,-81.66261616185565,1703.0015932704714,93.139757799763,1556.173612474693
8200,32.199565575542124,0.0,-82.85514266060662,1706.2958364695473,91.60894754902233,1556.6336114343694
8300,31.26541861126921,0.0,-84.01472447824523,1709.5530235197218,90.10260555054573,1557.1244480138516
8400,30.341595990813133,0.0,-85.13905290561985,1712.767521080168,88.62473361175284,1557.651221962998
8500,29.430837275665795,0.0,-86.22581923357889,1715.9336958100598,87.17933354006331,1558.2190330316675
8600,28.53588202731909,0.0,-87.2727147529707,1719.0459143685694,85.77040714289674,1558.8329809697175
8700,27.659469807264944,0.0,-88.27743075464372,1722.0985434148706,84.40195622767283,1559.498165527007
8800,26.804340176995254,0.0,-89.23765852944629,1725.0859496081366,83.07798260181117,1560.2196864533944
8900,25.973232698001908,0.0,-90.15108936822688,1728.0024996075413,81.80248807273142,1561.0026434987376
9000,25.16888693177685,0.0,-91.01541456183381,1730.842560072256,80.5794744478532,1561.8521364128949
9100,24.394042439811944,0.0,-91.82832540111553,1733.6004976614558,79.41294353459615,1562.7732649457248
9200,23.651438783599133,0.0,-92.58751317692035,1736.2706790343132,78.30689714037992,1563.7711288470857
9300,22.943815524630285,0.0,-93.29066918009678,1738.8474708500014,77.26533707262416,1564.8508278668355
9400,22.27391222439734,0.0,-93.9354847014931,1741.3252397676938,76.29226513874849,1566.0174617548334
9500,21.644468444392178,0.0,-94.51965103195779,1743.6983524465636,75.39168314617257,1567.276130260937
9600,21.05822374610672,0.0,-95.04085946233918,1745.9611755457834,74.56759290231597,1568.6319331350046
9700,20.517917691032867,0.0,-95.49680128348574,1748.1080757245275,73.8239962145984,1570.0899701268954
9800,20.026289840662525,0.0,-95.88516778624577,1750.1334196419677,73.16489489043947,1571.655340986466
9900,19.5860797564876,0.0,-96.20365026146773,1752.0315739572789,72.59429073725883,1573.333145463576
10000,19.200027,0.0,-96.44994,1753.796905329633,72.1161855624761,1575.128483308084
10100,18.644100822576323,0.0,-96.69829418492145,1756.0434129379382,71.59808028929203,1577.7201843975097
10200,18.15625968736554,0.0,-96.75622818905627,1758.210791077219,71.20081016723991,1580.4907826429574
10300,17.734110335447273,0.0,-96.62963726606357,1760.2989285404028,70.9201143756172,1583.4332184327614
10400,17.375259507901113,0.0,-96.32441666960234,1762.3077141204144,70.75173209372132,1586.5404321552576
10500,17.077313945806686,0.0,-95.84646165333166,1764.2370366101802,70.69140250084968,1589.8053641987808
10600,16.837880390243598,0.0,-95.20166747091059,1766.0867848026269,70.73486477629972,1593.2209549516663
10700,16.65456558229146,0.0,-94.39592937599818,1767.8568474906797,70.87785809936884,1596.780144802248
10800,16.524976263029888,0.0,-93.43514262225352,1769.5471134672657,71.11612164935453,1600.4758741388628
10900,16.446719173538497,0.0,-92.32520246333566,1771.1574715253096,71.44539460555414,1604.3010833498442
11000,16.41740105489689,0.0,-91.0720041529036,1772.6878104577386,71.86141614726512,1608.2487128235284
11100,16.434628648184685,0.0,-89.68144294461649,1774.1380190574782,72.35992545378492,1612.3117029482494
11200,16.496008694481482,0.0,-88.15941409213329,1775.5079861174547,72.93666170441097,1616.4829941123432
11300,16.599147934866906,0.0,-86.51181284911314,1776.7976004305933,73.58736407844063,1620.7555267041444
11400,16.74165311042056,0.0,-84.74453446921505,1778.0067507898211,74.30777175517139,1625.1222411119884
11500,16.92113096222207,0.0,-82.86347420609813,1779.1353259880639,75.09362391390064,1629.5760777242099
11600,17.13518823135103,0.0,-80.8745273134214,1780.1832148182477,75.94065973392586,1634.109976929144
11700,17.381431658887056,0.0,-78.78358904484388,1781.150306073298,76.84461839454441,1638.716879115126
11800,17.65746798590977,0.0,-76.59655465402469,1782.0364885461422,77.80123907505376,1643.3897246704908
11900,17.96090395349877,0.0,-74.31931939462285,1782.8416510297047,78.8062609547513,1648.1214539835737
12000,18.289346302733676,0.0,-71.95777852029745,1783.565682316913,79.85542321293448,1652.9050074427096
12100,18.640401774694098,0.0,-69.51782728470754,1784.2084712006917,80.94446502890071,1657.7333254362334
12200,19.011677110459647,0.0,-67.00536094151215,1784.769906473968,82.06912558194745,1662.5993483524803
12300,19.400779051109932,0.0,-64.42627474437037,1785.2498769296672,83.22514405137207,1667.4960165797847
12400,19.80531433772457,0.0,-61.78646394694123,1785.648271360716,84.40825961647204,1672.4162705064832
12500,20.222889711383175,0.0,-59.09182380288383,1785.9649785600404,85.61421145654478,1677.35305052091
12600,20.651111913165344,0.0,-56.34824956585719,1786.1998873205662,86.8387387508877,1682.2992970114
12700,21.087587684150705,0.0,-53.56163648952037,1786.3528864352193,88.07758067879826,1687.2479503662887
12800,21.529923765418864,0.0,-50.73787982753245,1786.423864696926,89.32647641957384,1692.191950973911
12900,21.975726898049434,0.0,-47.882874833552464,1786.4127108986122,90.58116515251189,1697.1242392226018
13000,22.42260382312202,0.0,-45.00251676123949,1786.319313833204,91.83738605690982,1702.0377555006962
13100,22.86816128171624,0.0,-42.102700864252576,1786.1435622936278,93.09087831206507,1706.9254401965295
13200,23.3100060149117,0.0,-39.18932239625078,1785.8853450728095,94.33738109727508,1711.7802336984364
13300,23.745744763788014,0.0,-36.268276610893174,1785.5445509636745,95.57263359183722,1716.5950763947521
13400,24.172984269424802,0.0,-33.345458761838785,1785.1210687591492,96.792374975049,1721.362908673812
13500,24.589331272901664,0.0,-30.4267641027467,1784.6147872521597,97.99234442620774,1726.0766709239508
13600,24.99239251529822,0.0,-27.518087887275968,1784.0255952356324,99.16828112461096,1730.7293035335035
13700,25.379774737694074,0.0,-24.62532536908563,1783.353381502493,100.31592424955606,1735.3137468908058
13800,25.749084681168842,0.0,-21.75437180183478,1782.5980348456678,101.43101298034048,1739.8229413841923
13900,26.09792908680214,0.0,-18.911122439182442,1781.7594440580826,102.50928649626158,1744.249827401998
14000,26.423914695673574,0.0,-16.10147253478769,1780.8374979326636,103.54648397661683,1748.587345332558
14100,26.72464824886276,0.0,-13.331317342309577,1779.8320852623365,104.53834460070367,1752.8284355642074
14200,26.99773648744929,0.0,-10.606552115407167,1778.7430948400279,105.48060754781952,1756.9660384852814
14300,27.240786152512808,0.0,-7.933072107739514,1777.5704154586633,106.36901199726177,1760.9930944841149
14400,27.451403985132906,0.0,-5.316772572965674,1776.3139359111692,107.19929712832787,1764.9025439490433
14500,27.627196726389194,0.0,-2.7635487647447077,1774.9735449904713,107.96720212031528,1768.687327268401
14600,27.765771117361297,0.0,-0.279295936735672,1773.5491314894962,108.66846615252133,1772.3403848305238
14700,27.86473389912882,0.0,2.1300906574023744,1772.040584201169,109.29882840424355,1775.854657023746
14800,27.921691812771364,0.0,4.458715764010373,1770.447791918417,109.85402805477933,1779.2230842364038
14900,27.93425159936856,0.0,6.700684129429298,1768.7706434341649,110.32980428342606,1782.438606856831
15000,27.90002,0.0,8.8501005,1767.0090275413397,110.72189626948123,1785.4941652733637
15100,27.837569739857837,0.0,10.719378293274474,1764.9872654764401,111.06129702135637,1788.5356988050519
15200,27.752839815691644,0.0,12.656943833625142,1762.6437523418733,111.36258160593964,1791.5416702624939
15300,27.646800386656345,0.0,14.658428945524879,1759.9934361906403,111.62703901669775,1794.5110143578586
15400,27.520421611906876,0.0,16.719465453446475,1757.0512650757446,111.85595824709743,1797.4426658033155
15500,27.374673650598154,0.0,18.835685181862836,1753.832187050189,112.05062829060545,1800.3355593110348
15600,27.210526661885112,0.0,21.0027199552468,1750.3511501669761,112.21233814068856,1803.1886295931824
15700,27.028950804922665,0.0,23.21620159807123,1746.6231024791077,112.34237679081346,1806.0008113619338
15800,26.830916238865736,0.0,25.47176193480899,1742.6629920395876,112.4420332344469,1808.771039329455
15900,26.617393122869274,0.0,27.765032789933016,1738.485766901421,112.51259646505562,1811.4982482079251
16000,26.38935161608819,0.0,30.09164598791584,1734.1063751175996,112.55535547610637,1814.1813727094984
16100,26.1477618776774,0.0,32.447233353230644,1729.5397647411369,112.57159926106587,1816.8193475463463
16200,25.893594066791835,0.0,34.827426710350196,1724.8008838250394,112.56261681340087,1819.4111074306481
16300,25.6278183425864,0.0,37.227857883747326,1719.904680422289,112.52969712657813,1821.9555870745771
16400,25.351404864216107,0.0,39.644158697894895,1714.8661025859174,112.47412919406433,1824.4517211902871
16500,25.065323790835794,0.0,42.07196097726576,1709.7000983688931,112.39720200932625,1826.8984444899559
16600,24.7705452816004,0.0,44.506896546332825,1704.4216158242461,112.30020456583063,1829.2946916857518
16700,24.468039495664872,0.0,46.94459722956884,1699.0456030049704,112.18442585704422,1831.6393974898324
16800,24.15877659218406,0.0,49.380694851446734,1693.587007964083,112.05115487643371,1833.931496614391
16900,23.843726730313083,0.0,51.81082123643931,1688.0607787545412,111.90168061746589,1836.1699237715866
17000,23.523860069206677,0.0,54.23060820901948,1682.4818634293933,111.73729207360748,1838.353613673588
17100,23.200146768019827,0.0,56.63568759366069,1676.8652100416475,111.55927823832518,1840.4815010325651
17200,22.873556985907467,0.0,59.02169121483391,1671.2257666442438,111.36892810508576,1842.5525205607096
17300,22.545060882024416,0.0,61.384250897013885,1665.578481290247,111.16753066735599,1844.565606970149
17400,22.215628615525894,0.0,63.71899846467285,1659.9383020326395,110.95637491860259,1846.519694973073
17500,21.88623034556653,0.0,66.02156574228368,1654.3201769244233,110.73674985229228,1848.413719281651
17600,21.557836231301373,0.0,68.28758455431918,1648.7390540186016,110.5099444618918,1850.2466146080214
17700,21.231416431885314,0.0,70.51268672525224,1643.2098813681757,110.27724774086786,1852.0173156644137
17800,20.907941106473153,0.0,72.69250407955568,1637.7476070261678,110.03994868268728,1853.7247571629696
17900,20.588380414220172,0.0,74.82266844170238,1632.367179045545,109.79933628081676,1855.3678738158578
18000,20.273704514281,0.0,76.89881163616516,1627.083545479306,109.55669952872302,1856.9456003352689
18100,19.964883565810734,0.0,78.91656548741695,1621.9116543805153,109.31332741987282,1858.4568714333545
18200,19.66288772796413,0.0,80.87156181993126,1616.8664538021137,109.07050894773286,1859.9006218222607
18300,19.36868715989609,0.0,82.75943245817878,1611.9628917970986,108.82953310577153,1861.2757862141777
18400,19.08325202076174,0.0,84.57580922663459,1607.215916418549,108.59168888745073,1862.5812993212485
18500,18.807552469715905,0.0,86.31632394977072,1602.6404757193925,108.35826528624384,1863.8160958557237
18600,18.542558665913507,0.0,87.97660845206016,1598.251517752655,108.13055129561056,1864.9791105296908
18700,18.28924076850961,0.0,89.55229455797564,1594.0639905713404,107.90983590902306,1866.0692780553484
18800,18.04856893665889,0.0,91.03901409199005,1590.0928422284342,107.69740811994623,1867.0855331448645
18900,17.82151332951625,0.0,92.4323988785763,1586.3530207769713,107.49455692184685,1868.0268105103735
19000,17.609044106236958,0.0,93.72808074220717,1582.8594742699577,107.30257130819166,1868.8920448641147
19100,17.41213142597567,0.0,94.92169150735617,1579.6271507603592,107.12274027244737,1869.6801709182434
19200,17.23174544788738,0.0,96.00886299849431,1576.6709983011756,106.95635280808072,1870.39012338489
19300,17.06885633112701,0.0,96.98522704009629,1574.0059649454493,106.8046979085585,1871.0208369762445
19400,16.92443423484949,0.0,97.84641545663463,1571.6469987461758,106.66906456734881,1871.5712464044757
19500,16.799449318209742,0.0,98.58806007258126,1569.609047756334,106.55074177791415,1872.0402863817524
19600,16.694871740362696,0.0,99.20579271241036,1567.9070600289258,106.4510185337263,1872.4268916202332
19700,16.611671660463276,0.0,99.69524520059355,1566.5559836169843,106.37118382824906,1872.729996832111
19800,16.550819237666406,0.0,100.0520493616044,1565.5707665734878,106.3125266549495,1872.9485367295435
19900,16.513284631126997,0.0,100.27183701991561,1564.9663569514446,106.27633600729534,1873.0814460247007