#time,pitch,yaw,roll,x,y,z
0,22.2,0.0,3.74993,-254.72671999999997,113.88713999999999,103.24813999999999
100,22.153767221611773,0.0,3.7653628036835074,-254.85116785962455,113.86663591756826,103.29767209651166
200,22.029004267942735,0.0,3.806745033867953,-255.20811673519816,113.80743383383546,103.43832788711858
300,21.82890813458668,0.0,3.87307364526518,-255.78896970490885,113.71136666950188,103.66819294936718
400,21.55667581713744,0.0,3.9633455925870362,-256.585129846947,113.58026734526695,103.98535286080396
500,21.21550431118874,0.0,4.076557830545367,-257.5880002394951,113.41596878182978,104.38789319897441
600,20.80859061233444,0.0,4.211707313852016,-258.7889839607441,113.22030389989224,104.87389954142694
700,20.33913171616831,0.0,4.367790997218837,-260.1794840888871,112.99510562015193,105.44145746570567
800,19.81032461828419,0.0,4.543805835357653,-261.75090370209955,112.7422068633087,106.08865254935766
900,19.225366314275753,0.0,4.7387487829803465,-263.4946458785788,112.46344055006477,106.81357036992917
1000,18.587453799736952,0.0,4.951616794798722,-265.40211369650774,112.16063960111565,107.61429650496542
1100,17.89978407026141,0.0,5.181406825524659,-267.4647102340807,111.83563693716573,108.48891653201608
1200,17.165554121443023,0.0,5.427115829869981,-269.67383856947686,111.4902654789103,109.43551602862405
1300,16.387960948875772,0.0,5.687740762546567,-272.0209017808924,111.12635814705244,110.45218057233677
1400,15.570201548153143,0.0,5.962278578266224,-274.4973029465088,110.7457478622917,111.53699574070056
1500,14.715472914868936,0.0,6.249726231740796,-277.0944451445124,110.35026754532413,112.68804711125992
1600,13.826972044617287,0.0,6.549080677682161,-279.80373145310165,109.9417501168549,113.90342026156645
1700,12.90789593299166,0.0,6.859338870802164,-282.6165649504537,109.52202849758027,115.181200769162
1800,11.961441575585962,0.0,7.179497765812618,-285.52434871475987,109.09293560820078,116.51947421159224
1900,10.99080596799386,0.0,7.50855431742538,-288.51848582421064,108.6563043694162,117.91632616640719
2000,9.999186105809532,0.0,7.845505480352312,-291.5903793569829,108.21396770192634,119.36984221114693
2100,8.98977898462639,0.0,8.189348209305262,-294.7314323912832,107.76775852643084,120.87810792336586
2200,7.9657816000382935,0.0,8.539079458996042,-297.933048005281,107.31950976363068,122.43920888060492
2300,6.930390947639178,0.0,8.893696184136525,-301.1866292771744,106.87105433422322,124.05123066041176
2400,5.886804023022763,0.0,9.252195339438574,-304.4835792851486,106.42422515890942,125.71225884033268
2500,4.8382178217829015,0.0,9.613573879613996,-307.8153011073913,105.9808551583881,127.42037899791396
2600,3.7878293395132765,0.0,9.976828759374653,-311.1731978220904,105.54277725336092,129.1736767107019
2700,2.7388355718076993,0.0,10.340956933432388,-314.548672507432,105.11182436452589,130.97023755624207
2800,1.694433514260095,0.0,10.704955356499056,-317.93312824161006,104.68982941258506,132.80814711208308
2900,0.6578201624640911,0.0,11.067820983286483,-321.3179681028047,104.27862531823584,134.68549095576884
3000,-0.3678074879863553,0.0,11.428550768506549,-324.6945951692022,103.88004500217819,136.60035466484538
3100,-1.3792524414976004,0.0,11.786141666871071,-328.05441251900425,103.49592138511414,138.55082381686242
3200,-2.373317702475713,0.0,12.139590633091894,-331.3888232303847,103.12808738774007,140.53498398936276
3300,-3.346806275326992,0.0,12.487894621880887,-334.6892303815342,102.77837593075793,142.55092075989387
3400,-4.296521164457605,0.0,12.830050587949874,-337.94703705064416,102.44861993486695,144.5967197060021
3500,-5.2192653742737605,0.0,13.1650554860107,-341.15364631590194,102.14065232076685,146.67046640523407
3600,-6.111841909181665,0.0,13.491906270775232,-344.3004612554922,101.85630600915736,148.7702464351353
3700,-6.97105377358752,0.0,13.8095998969553,-347.3788849476035,101.59741392073826,150.89414537325206
3800,-7.793703971897525,0.0,14.11713331926275,-350.3803204704265,101.36580897620931,153.04024879713216
3900,-8.576595508517906,0.0,14.413503492409426,-353.29617090214606,101.16332409627023,155.2066422843203
4000,-9.316531387854816,0.0,14.697707371107184,-356.1178393209496,100.99179220162046,157.39141141236303
4100,-10.010314614314533,0.0,14.968741910067864,-358.83672880502814,100.85304621296066,159.59264175880736
4200,-10.6547481923032,0.0,15.22560406400331,-361.4442424325673,100.74891905098971,161.8084189011994
4300,-11.246635126227034,0.0,15.467290787625366,-363.9317832817545,100.6812436364076,164.03682841708485
4400,-11.78277842049226,0.0,15.692799035645885,-366.29075443077795,100.65185288991411,166.27595588401056
4500,-12.25998107950507,0.0,15.90112576277671,-368.51255895782595,100.66257973220907,168.52388687952282
4600,-12.675046107671662,0.0,16.09126792372968,-370.5885999410858,100.71525708399201,170.77870698116755
4700,-13.024776509398247,0.0,16.262222473216656,-372.5102804587453,100.81171786596283,173.03850176649135
4800,-13.305975289091032,0.0,16.412986365949468,-374.2690035889923,100.9537949988213,175.30135681304057
4900,-13.515445451156213,0.0,16.54255655663997,-375.8561724100146,101.1433214032671,177.5653576983613
5000,-13.649990000000003,0.0,16.649930000000005,-377.26319,101.38213,179.82859
5100,-13.717828282809494,0.0036097049723200123,16.75874833178905,-378.16295995726546,101.59416607466005,181.49676551546767
5200,-13.662487986379048,0.014144150095621177,16.82459628389518,-378.97832011568516,101.84977422077137,183.25056318829593
5300,-13.4888773706795,0.031161330679415476,16.849445682773602,-379.7131629796326,102.1468496607186,185.0854789364164
5400,-13.201904695681694,0.05421924203321452,16.835268354879535,-380.37138105348174,102.48328761688649,186.99700867776068
5500,-12.806478221356466,0.08287587946653045,16.784036126668177,-380.9568668416058,102.85698331165958,188.9806483302604
5600,-12.307506207674658,0.11668923828887497,16.69772082459474,-381.4735128483785,103.26583196742253,191.03189381184717
5700,-11.709896914607109,0.15521731380975964,16.578294275114445,-381.9252115781736,103.70772880656006,193.1462410404527
5800,-11.01855860212465,0.1980181013386968,16.427728304682482,-382.3158555353647,104.1805690514568,195.3191859340086
5900,-10.23839953019813,0.24464959618519808,16.24799473975408,-382.64933722432517,104.68224792449736,197.54622441044643
6000,-9.374327958798387,0.294669793658775,16.041065406784444,-382.9295491494288,105.21066064806645,199.8228523876979
6100,-8.431252147896261,0.3476366890689399,15.808912132228787,-383.1603838150492,105.76370244454863,202.1445657836945
6200,-7.414080357462582,0.40310827772520436,15.553506742542313,-383.34573372556,106.33926853632867,204.50686051636805
6300,-6.3277208474682025,0.46064255493708,15.276821064180231,-383.4894913853348,106.93525414579116,206.90523250365007
6400,-5.177081877883952,0.5197975160140793,14.980826923597757,-383.595549298747,107.54955449532073,209.33517766347217
6500,-3.967071708680674,0.5801311562657135,14.667496147250098,-383.6677999701707,108.18006480730207,211.79219191376603
6600,-2.702598599829214,0.6412014710014944,14.338800561592471,-383.710135903979,108.82468030411985,214.27177117246325
6700,-1.388570811300407,0.702566455530934,13.996711993080075,-383.7264496045456,109.48129620815862,216.76941135749544
6800,-0.029896603065079574,0.7637841051635448,13.643202268168128,-383.72063357624444,110.14780774180315,219.28060838679426
6900,1.368515764905923,0.8244124152088379,13.280243213311838,-383.69658032344876,110.82211012743807,221.80085817829138
7000,2.801758032641742,0.884009380976325,12.909806654966413,-383.65818235053246,111.50209858744796,224.32565664991836
7100,4.2649219401715595,0.9421329977755184,12.533864419587069,-383.60933216186896,112.18566834421755,226.8504997196069
7200,5.753099227524533,0.9983412609159301,12.154388333629013,-383.5539222618319,112.87071462013142,229.3708833052885
7300,7.261381634729812,1.0521921657070707,11.773350223547457,-383.4958451547949,113.55513263757429,231.88230332489485
7400,8.784860901816575,1.1032437074584536,11.392721915797603,-383.4389933451316,114.23681761893079,234.3802556963577
7500,10.31862876881397,1.1510538814795903,11.014475236834672,-383.3872593372157,114.91366478658554,236.86023633760848
7600,11.857776975751156,1.1951806830799916,10.640582013113871,-383.3445356354206,115.58356936292324,239.31774116657894
7700,13.397397262657313,1.2351821075691707,10.273014071090406,-383.31471474412,116.2444265703285,241.74826610120067
7800,14.932581369561564,1.2706161502566384,9.913743237219494,-383.3016891676876,116.89413163118599,244.1473070594053
7900,16.458421036493096,1.3010408064519068,9.564741337956342,-383.309351410497,117.5305797678804,246.51035995912457
8000,17.970008003481087,1.326014071464488,9.227980199756153,-383.3415939769217,118.15166620279629,248.83292071828998
8100,19.462434010554638,1.3450939406038935,8.905431649074156,-383.4023093713352,118.75528615831837,251.110485254833
8200,20.930790797742976,1.3578384091796356,8.599067512365538,-383.4953900981115,119.3393348568313,253.33854948668562
8300,22.37017010507525,1.3638054725012256,8.310859616085526,-383.62472866162386,119.90170752071974,255.51260933177932
8400,23.775663672580556,1.3625531258781762,8.04277978668933,-383.79421756624606,120.44029937236829,257.6281607080456
8500,25.142363240288148,1.353639364619998,7.79679985063215,-384.0077493163517,120.95300563416163,259.6806995334162
8600,26.465360548227117,1.3366221840362038,7.574891634369203,-384.26921641631424,121.43772152848442,261.6657217258228
8700,27.739747336426653,1.3110595794363054,7.3790269643557,-384.58251137050763,121.89234227772133,263.57872320319694
8800,28.960615344915926,1.276509546129814,7.211177667046844,-384.9515266833051,122.31476310425695,265.4151998834702
8900,30.123056313724074,1.232530079426242,7.073315568897852,-385.38015485908033,122.70287923047599,267.17064768457436
9000,31.222161982880266,1.178679174635101,6.967412496363935,-385.87228840220723,123.05458587876308,268.840562524441
9100,32.25302409241367,1.1145148270659022,6.895440275900297,-386.4318198170591,123.36777827150286,270.42044032100165
9200,33.21073438235342,1.039595032028159,6.859370733962155,-387.0626416080097,123.64035163108,271.905776992188
9300,34.09038459272871,0.9534777848313826,6.861175697004715,-387.7686462794325,123.87020117987912,273.2920684559317
9400,34.8870664635687,0.855721080785083,6.90282699148319,-388.5537263357012,124.05522214028491,274.5748106301644
9500,35.595871734902516,0.7458829151987751,6.98629644385279,-389.4217742811895,124.19330973468205,275.74949943281763
9600,36.21189214675936,0.6235212833819693,7.11355588056872,-390.3766826202709,124.28235918545509,276.81163078182317
9700,36.730219439168366,0.48819418064417575,7.286577128086199,-391.42234385731905,124.32026571498879,277.75670059511253
9800,37.14594535215869,0.33945960229490957,7.507332012860428,-392.5626504967076,124.30492454566773,278.5802047906174
9900,37.45416162575952,0.1768755436436813,7.777792361346624,-393.80149504280996,124.2342308998766,279.27763928626933
10000,37.64996,0.0,8.09993,-395.14277,124.10608000000002,279.8445
10100,37.73417088081768,-0.16392955521643873,8.403272109765096,-395.953840653634,124.0052442341229,280.1100054242179
10200,37.75912972316583,-0.3491100807975965,8.73364756794746,-396.7903327679251,123.883742382819,280.33471901523853
10300,37.72705454812015,-0.5545094891691057,9.09024601907263,-397.65149116879206,123.74238115950362,280.51998854624827
10400,37.64016337675639,-0.7790956927565987,9.472257107666145,-398.53656068215423,123.58196727759228,280.6671617904339
10500,37.50067423015028,-1.0218366039857105,9.878870478253559,-399.44478613393034,123.40330745050022,280.7775865209815
10600,37.31080512937755,-1.2817001352820694,10.309275775360398,-400.3754123500397,123.20720839164301,280.8526105110779
10700,37.07277409551391,-1.5576541990713098,10.762662643512202,-401.32768415640123,122.9944768144359,280.89358153390964
10800,36.7887991496351,-1.8486667077790644,11.238220727234518,-402.3008463789341,122.76591943229433,280.90184736266315
10900,36.46109831281688,-2.1537055738309654,11.735139671052885,-403.29414384355726,122.52234295863371,280.878755770525
11000,36.09188960613494,-2.4717387096526453,12.252609119492844,-404.3068213761898,122.26455410686941,280.82565453068156
11100,35.68339105066504,-2.8017340276697373,12.789818717079934,-405.3381238027509,121.99335959041682,280.74389141631957
11200,35.23782066748288,-3.1426594403078765,13.345958108339701,-406.38729594915947,121.70956612269136,280.63481420062544
11300,34.757396477664216,-3.493482859992686,13.920216937797669,-407.4535826413346,121.4139804171084,280.4997706567857
11400,34.24433650228475,-3.8531721991498102,14.5117848499794,-408.5362287051954,121.10740918708335,280.3401085579869
11500,33.70085876242024,-4.2206953702048775,15.119851489410424,-409.6344789666608,120.79065914603157,280.1571756774156
11600,33.12918127914641,-4.595020285583512,15.74360650061627,-410.7475782516501,120.46453700736849,279.95231978825814
11700,32.53152207353898,-4.97511485771135,16.38223952812249,-411.8747713860821,120.12984948450953,279.7268886637014
11800,31.91009916667369,-5.35994699901404,17.034940216454643,-413.015303195876,119.78740329087,279.48223007693156
11900,31.267130579626258,-5.748484621917198,17.70089821013824,-414.16841850695096,119.43800513986537,279.2196918011352
12000,30.604834333472432,-6.1396956388464545,18.379303153698828,-415.3333621452258,119.08246174491097,278.940621609499
12100,29.925428449287924,-6.532547962227454,19.06934469166196,-416.50937893661956,118.7215798194222,278.6463672752093
12200,29.23113094814847,-6.926009504485815,19.77021246855316,-417.6957137070517,118.35616607681453,278.3382765714528
12300,28.524159851129802,-7.319048178047186,20.48109612889798,-418.8916112824408,117.98702723050329,278.0176972714159
12400,27.806733179307642,-7.710631895337191,21.20118531722197,-420.0963164887063,117.61496999390388,277.6859771482852
12500,27.081068953757743,-8.099728568781456,21.92966967805064,-421.30907415176694,117.24080108043167,277.34446397524715
12600,26.34938519555582,-8.485306110805622,22.665738855909545,-422.52912909754207,116.86532720350212,276.9945055254883
12700,25.613899925777584,-8.866332433835325,23.408582495324232,-423.7557261519504,116.48935507653054,276.63744957219524
12800,24.876831165498793,-9.241775450296192,24.157390240820256,-424.9881101409113,116.11369141293238,276.2746438885544
12900,24.140396935795174,-9.61060307261385,24.911351736923127,-426.2255258903438,115.73914292612302,275.90743624775234
13000,23.406815257742437,-9.971783213213945,25.669656628158396,-427.46721822616666,115.36651632951785,275.53717442297557
13100,22.67830415241634,-10.324283784522091,26.431494559051607,-428.7124319742994,114.99661833653226,275.16520618741066
13200,21.957081640892575,-10.667072698963942,27.196055174128297,-429.9604119606608,114.63025566058167,274.79287931424403
13300,21.24536574424691,-10.999117868965119,27.96252811791401,-431.2104030111699,114.26823501508143,274.4215415766623
13400,20.545374483555065,-11.31938720695125,28.730103034934277,-432.4616499517457,113.91136311344695,274.052540747852
13500,19.859325879892758,-11.626848625347977,29.497969569714662,-433.71339760830756,113.56044666909362,273.6872246009996
13600,19.189437954335737,-11.920470036580923,30.26531736678067,-434.96489080677435,113.21629239543688,273.3269409092917
13700,18.537928727959702,-12.199219353075732,31.03133607065788,-436.215374373065,112.87970700589204,272.97303744591466
13800,17.907016221840415,-12.462064487258031,31.79521532587181,-437.4640931330989,112.55149721387457,272.6268619840552
13900,17.298918457053595,-12.707973351553445,32.55614477694798,-438.7102919127948,112.23246973279979,272.28976229689977
14000,16.715853454674967,-12.935913858387615,33.31331406841197,-439.9532155380719,111.92343127608316,271.9630861576348
14100,16.160039235780264,-13.14485392018618,34.06591284478931,-441.1921088348492,111.62518855714006,271.6481813394469
14200,15.633693821445208,-13.333761449374762,34.81313075060554,-442.42621662904565,111.33854828938581,271.34639561552257
14300,15.139035232745549,-13.50160435837899,35.55415743038618,-443.65478374658073,111.06431718623593,271.05907675904837
14400,14.678281490756998,-13.647350559624508,36.2881825286568,-444.87705501337297,110.8033019611057,270.7875725432108
14500,14.253650616555296,-13.769967965536939,37.0143956899429,-446.0922752553418,110.55630932741056,270.5332307411964
14600,13.867360631216163,-13.868424488541923,37.73198655877007,-447.29968929840624,110.32414599856592,270.2973991261917
14700,13.521629555815338,-13.941688041065087,38.440144779663825,-448.4985419684851,110.10761868798716,270.08142547138317
14800,13.218675411428553,-13.988726535532066,39.138059997149696,-449.6880780914978,109.90753410908964,269.88665754995736
14900,12.960716219131532,-14.008507884368495,39.82492185575324,-450.8675424933629,109.72469897528877,269.7144431351008
15000,12.74997,-14.0,40.49992,-452.03618,109.55992,269.56613
15100,12.516141415360085,-13.938960767879536,41.43165726115546,-453.34523949806237,109.39125343764209,269.43131611911485
15200,12.332852825315875,-13.821320061926889,42.363635857800084,-454.6854918309144,109.23087126476256,269.3278641224236
15300,12.19842208373738,-13.64918955393035,43.29594342059553,-456.05502517470296,109.07867203243322,269.25399195920716
15400,12.111167044494618,-13.42468091567821,44.22866758020342,-457.4519277055748,108.93455429172579,269.2079175787465
15500,12.069405561457593,-13.149905818958747,45.16189596728538,-458.8742875996771,108.7984165937121,269.1878589303226
15600,12.071455488496326,-12.826975935560258,46.09571621250305,-460.32019303315667,108.67015748946395,269.19203396321643
15700,12.11563467948083,-12.458002937271026,47.030215946518055,-461.7877321821604,108.54967553005307,269.21866062670887
15800,12.200260988281116,-12.045098495879346,47.96548279999203,-463.2749932228352,108.43686926655121,269.2659568700809
15900,12.323652268767194,-11.590374283173498,48.90160440358664,-464.78006433132805,108.33163725003023,269.3321406426135
16000,12.484126374809087,-11.09594197094178,49.83866838796345,-466.3010336837859,108.23387803156187,269.41542989358766
16100,12.6800011602768,-10.563913230972464,50.776762383784146,-467.83598945635555,108.14349016221793,269.5140425722843
16200,12.909594479040347,-9.996399735053853,51.71597402171031,-469.383019825184,108.06037219307011,269.62619662798437
16300,13.171224184969743,-9.395513154974225,52.656390932403625,-470.9402129664183,107.98442267519033,269.7501100099689
16400,13.463208131935009,-8.763365162521872,53.5981007465257,-472.505657056205,107.91554015965023,269.88400066751876
16500,13.783864173806133,-8.102067429485082,54.54119109473815,-474.07744027069134,107.85362319752164,270.0260865499149
16600,14.13151016445316,-7.413731627652148,55.48574960770266,-475.6536507860242,107.79857033987638,270.1745856064383
16700,14.504463957746083,-6.70046942881135,56.43186391608079,-477.2323767783504,107.75028013778616,270.32771578637
16800,14.901043407554917,-5.96439250475098,57.37962165053423,-478.8117064238169,107.70865114232282,270.48369503899085
16900,15.31956636774969,-5.207612527259319,58.32911044172458,-480.38972789857064,107.6735819045581,270.6407413135819
17000,15.758350692200397,-4.432241168124671,59.28041792031348,-481.9645293787585,107.64497097556381,270.7970725594239
17100,16.215714234777053,-3.640390099135314,60.23363171696256,-483.5341990405276,107.6227169064117,270.9509067257981
17200,16.68997484934969,-2.834170992079529,61.18883946233349,-485.09682506002446,107.60671824817356,271.10046176198534
17300,17.179450389788304,-2.01569551874561,62.14612878708785,-486.65049561339634,107.59687355192119,271.2439556172664
17400,17.6824587099629,-1.1870753509218543,63.10558732188725,-488.19329887679,107.5930813687263,271.3796062409225
17500,18.197317663743515,-0.35042216039654184,64.06730269739339,-489.72332302635243,107.59524024966075,271.5056315822345
17600,18.72234510500015,0.49215238104204806,65.03136254426786,-491.23865623823065,107.60324874579626,271.62024959048335
17700,19.255858887602827,1.3385366016056204,65.99785449317231,-492.7373866885714,107.61700540820468,271.72167821495
17800,19.79617686542154,2.1866188295058753,66.96686617476837,-494.21760255352166,107.6364087879577,271.8081354049154
17900,20.341616892326307,3.0342873929545346,67.93848521971765,-495.67739200922813,107.66135743612713,271.8778391096605
18000,20.890496822187163,3.879430620163319,68.91279925868182,-497.11484323183817,107.69174990378478,271.9290072784663
18100,21.4411345088741,4.719936839343935,69.88989592232247,-498.5280443974986,107.72748474200246,271.9598578606138
18200,21.991847806257134,5.553694378708082,70.86986284130126,-499.915083682356,107.76846050185185,271.96860880538384
18300,22.54095456820628,6.378591566467481,71.85278764627981,-501.2740492625576,107.8145757344048,271.9534780620574
18400,23.086772648591563,7.192516730833856,72.83875796791976,-502.6030293142502,107.86572899073305,271.91268357991555
18500,23.627619901282973,7.993358200018905,73.82786143688271,-503.9001120135809,107.92181882190843,271.8444433082391
18600,24.161814180150547,8.77900430223434,74.82018568383035,-505.16338553669635,107.98274377900265,271.7469751963091
18700,24.687673339064276,9.54734336569187,75.81581833942427,-506.39093805974363,108.04840241308753,271.6184971934064
18800,25.203515231894194,10.296263718603223,76.8148470343261,-507.5808577588695,108.11869327523482,271.4572272488122
18900,25.707657712510304,11.0236536891801,77.8173593991975,-508.7312328102211,108.19351491651635,271.2613833118072
19000,26.198418634782623,11.727401605634208,78.82344306470009,-509.84015138994533,108.27276588800387,271.02918333167247
19100,26.674115852581142,12.405395796177261,79.83318566149546,-510.90570167418895,108.35634474076919,270.758845257689
19200,27.133067219775917,13.055524589020989,80.84667482024533,-511.9259718390989,108.44415002588403,270.4485870391376
19300,27.573590590236925,13.675676312377087,81.86399817161127,-512.8990500608224,108.5360802944202,270.09662662529945
19400,27.9940038178342,14.263739294457265,82.8852433462549,-513.823024515506,108.63203409744946,269.70118196545536
19500,28.39262475643774,14.817601863473238,83.91049797483785,-514.6959833792966,108.73190998604362,269.2604710088862
19600,28.767771259917573,15.335152347636726,84.93984968802181,-515.5160148283414,108.83560651127445,268.772711704873
19700,29.117761182143703,15.814279075159437,85.97338611646838,-516.2812070387872,108.9430222242137,268.2361220026969
19800,29.44091237698614,16.252870374253074,87.01119489083916,-516.9896481867811,109.05405567593321,267.6489198516388
19900,29.735542698314894,16.648814573129354,88.05336364179583,-517.6394264484696,109.16860541750472,267.0093232009795
20000,29.99997,17.0,89.09998000000002,-518.22863,109.28657,266.31555
20100,30.433120415562897,17.54041938511508,91.01659304034585,-518.695215888211,109.39983814123347,265.637007455757
20200,30.84781421807311,17.996417972981405,93.03114548209781,-519.1117897413551,109.52823084830914,264.87601525915636
20300,31.24445201162306,18.371026095607853,95.13800688858551,-519.4800248083377,109.67103095131785,264.03653366843025
20400,31.62343440030516,18.66727408500329,97.33154682313852,-519.8015943380643,109.82752128035054,263.1225229418107
20500,31.985161988211832,18.888192273176596,99.60613484908644,-520.0781715794405,109.99698466549805,262.13794333753
20600,32.3300353794355,19.03681099213666,101.95614052975893,-520.3114297813714,110.17870393685142,261.08675511382023
20700,32.65845517806858,19.11616057389234,104.37593342848551,-520.5030421927627,110.3719619245014,259.9729185289136
20800,32.97082198820347,19.12927135045253,106.85988310859585,-520.6546820625196,110.57604145853898,258.80039384104225
20900,33.2675364139326,19.079173653826086,109.40235913341952,-520.7680226395477,110.79022536905504,257.5731413084383
21000,33.54899905934842,18.968897816021904,111.99773106628612,-520.844737172752,111.01379648614028,256.29512118933394
21100,33.815610528543296,18.801474169048845,114.64036847052529,-520.8864989110386,111.24603763988614,254.9702937419613
21200,34.06777142560968,18.57993304491579,117.32464090946658,-520.8949811033126,111.48623166038281,253.60261922455263
21300,34.30588235463998,18.30730477563162,120.04491794643965,-520.8718569984794,111.733661377722,252.19605789534
21400,34.530343919726604,17.986619693205203,122.79556914477402,-520.8187998454446,111.98760962199381,250.75457001255563
21500,34.74155672496198,17.62090812964543,125.5709640677994,-520.7374828931133,112.24735922328965,249.28211583443158
21600,34.93992137443852,17.213200416961154,128.36547227884526,-520.6295793903912,112.51219301170045,247.7826556192001
21700,35.12583847224866,16.766526887161273,131.17346334124136,-520.4967625861835,112.78139381731678,246.2601496250933
21800,35.2997086224848,16.28391787225465,133.98930681831715,-520.340705729396,113.05424447022942,244.71855811034334
21900,35.461932429239354,15.768403704250165,136.80737227340236,-520.1630820689337,113.33002780052985,243.16184133318296
22000,35.612910496604755,15.223014715156696,139.6220292698265,-519.9655648537023,113.60802663830862,241.59395955184266
22100,35.75304342867325,14.650781236983114,142.42764737091926,-519.7498273326071,113.88752381365703,240.01887302455697
22200,35.88273182953775,14.054733601738302,145.21859614001016,-519.5175427545536,114.16780215666532,238.44054200955537
22300,36.00237630329018,13.437902141431135,147.9892451404288,-519.270384368447,114.44814449742472,236.86292676507202
22400,36.11237745402312,12.80331718807048,150.73396393550485,-519.0100254231932,114.72783366602573,235.28998754933858
22500,36.21313588582876,12.15400907366522,153.44712208856788,-518.7381391676971,115.00615249256,233.72568462058703
22600,36.3050522028002,11.49300813022424,156.12308916294748,-518.4563988508646,115.28238380711811,232.17397823704965
22700,36.38852700902919,10.823344689756404,158.75623472197327,-518.1664777216008,115.55581043979143,230.63882865695848
22800,36.46396090860835,10.148049084270584,161.34092832897485,-517.8700490288089,115.82571522066931,229.124196138547
22900,36.531754505629806,9.470151645775672,163.87153954728186,-517.568786021399,116.09138097984425,227.63404094004437
23000,36.5923084041869,8.792682706280535,166.3424379402238,-517.264361948274,116.35209054740659,226.17232331968444
23100,36.64602320837112,8.118672597794049,168.74799307113034,-516.9584500583395,116.60712675344726,224.74300353569998
23200,36.69329952227483,7.451151652325094,171.0825745033311,-516.6527236005008,116.85577242805749,223.35004184632265
23300,36.73453794999155,6.793150201882532,173.34055180015574,-516.3488558236668,117.09731040132749,221.99739850978452
23400,36.770139095612585,6.147698578475264,175.51629452493364,-516.0485199767348,117.33102350334853,220.68903378431776
23500,36.80050356323074,5.517827114112148,177.60417224099461,-515.7533893086168,117.55619456421152,219.4289079281546
23600,36.82603195693818,4.906566140802062,179.5985545116682,-515.4651370682163,117.77210641400683,218.2209811995271
23700,36.847124880828034,4.3169459905538865,181.49381090028396,-515.1854365044387,117.97804188282683,217.06921385666743
23800,36.864182938992016,3.751996995376498,183.28431097017264,-514.9159608661898,118.17328380076043,215.97756615780884
23900,36.877606735522775,3.214749487278776,184.9644242846606,-514.6583834023749,118.35711499790065,214.94999836118149
24000,36.88779687451274,2.7082337982695783,186.5285204070818,-514.4143773618991,118.52881830433674,213.99047072501784
24100,36.895153960054,2.2354802603578072,187.97096890076128,-514.1856159936683,118.68767655016022,213.10294350755072
24200,36.900078596239766,1.7995192055523144,189.2861393290322,-513.9737725465876,118.83297256546159,212.29137696701338
24300,36.90297138716181,1.4033809658619985,190.4684012552229,-513.7805202695624,118.96398918033239,211.55973136163624
24400,36.904232936912905,1.0500958732957193,191.51212424266373,-513.6075324114983,119.08000922486325,210.9119669496521
24500,36.90426384958512,0.7426942598623587,192.41167785468295,-513.4564822213008,119.18031552914539,210.35204398929272
24600,36.903464729270844,0.484206457570796,193.16143165461077,-513.329042947875,119.26419092326887,209.88392273879094
24700,36.902236180062985,0.277662798429898,193.7557552057765,-513.2268878401268,119.33091823732528,209.5115634563787
24800,36.90097880605357,0.1260936144485517,194.18901807151042,-513.1516901469611,119.37978030140529,209.23892640028774
24900,36.90009321133508,0.032529237635625326,194.4555898151415,-513.1051231172838,119.41005994559995,209.0699718287509