
main()-----

01
0.3671719160104987 0.21061245867295167 0.4684547244094488 0.3519202925225159

02
0.2834338090551181 0.27194688899181724 0.8113312007874016 0.7341135407042398

0000007
0.28245406824146985 0.2401126059772824 0.7254035433070866 0.6215956219784535

14
0.31006561679790023 0.24916036531474026 0.634886811023622 0.5567007779332008

19
0.12246062992125985 0.0754263642017742 0.7815994094488189 0.10964195440378904

57
0.44948818897637793 0.39031719532554254 0.638996062992126 0.5558467692458711


-----


0000022
0.6349809301181102 0.6321261053440984 0.8963997908464567 0.8401212539810444


23
0.43462413877952755 0.4311111111111111 0.7456554502952756 0.6777560339204175



03
0.3061417322834646 0.30951585976627716 0.8043602362204725 0.8275982232692827

test()------

07
0.24318954248366015 0.6267205882352941

19
0.07612418300653594 0.11208823529411764

15
0.17966013071895426 0.2142549019607843

01
0.21552941176470589 0.35774999999999996

06
0.11633333333333333 0.1745294117647059


02
0.27150735294117645 0.734375


--anti
03
0.30999346405228756 0.8267450980392157

88
0.603761801016703 0.8616503267973856


23
0.43059129901960785 0.6794347426470588


22
0.6337009803921568 0.8518305759803921